1 0.39136125654450254 0.5040592296100399 0.11780104712041883 0.33083763677191486
1 0.35034904013961565 0.7662324512028779 0.1265270506108202 0.3776542834849217
1 0.3726003490401396 0.9182287106361942 0.12565445026178015 0.16354257872761166
3 0.23865619546247818 0.38779789027273975 0.09336823734729492 0.2824604351684744
3 0.3451134380453752 0.3386404112240826 0.056719022687609096 0.19038769663289432
3 0.35951134380453753 0.22315934933199913 0.054101221640488646 0.18414547707116008
3 0.3992146596858639 0.23018184633895017 0.039267015706806276 0.22315934933199916
3 0.4384816753926702 0.2364240659006844 0.051483420593368266 0.29494487429194294
3 0.4847294938917976 0.21769740721548167 0.04624781849912743 0.27309710582587304
3 0.5226876090750436 0.18336519962594333 0.03490401396160564 0.25124933735980326
3 0.5776614310645724 0.1412302175842372 0.027923211169284555 0.1857060319615937
3 0.6003490401396161 0.1459118822555379 0.02617801047120416 0.18258492218072653
3 0.618673647469459 0.13888938524858688 0.01745200698080282 0.181024367290293
3 0.6369982547993019 0.10533745510426532 0.022687609075043583 0.12328383634425126
1 0.6575043630017453 0.20677352298244678 0.04624781849912736 0.20443269064679645
2 0.5567190226876091 0.3924795549440404 0.06806282722513089 0.36360928947101956
4 0.762216404886562 0.4556820280065996 0.09860383944153582 0.20911435531809702
4 0.8202443280977312 0.9517806407805156 0.12565445026178013 0.0964387184389686
4 0.987783595113438 0.36907123158753696 0.024432809773123836 0.20443269064679637
4 0.8237347294938918 0.22862129144851656 0.04363001745200705 0.11392050700164986
4 0.8830715532286213 0.21301574254418096 0.03141361256544485 0.07958829941211157
0 0.6801919720767888 0.10923884233034922 0.025305410122164175 0.15605548904335603
0 0.7024432809773125 0.10689800999469888 0.020942408376963328 0.12640494612511838
0 0.724694589877836 0.10065579043296463 0.01832460732984288 0.13264716568685261
2 0.6605584642233856 0.04291525948692291 0.019197207678883076 0.03901387226083901
2 0.6252181500872601 0.028089988027804092 0.025305410122164033 0.04993775649387394
2 0.48254799301919715 0.06710386028864308 0.022687609075043653 0.04993775649387393
2 0.5698080279232112 0.04291525948692291 0.02443280977312391 0.05149831138430749
2 0.5305410122164048 0.05696025350082495 0.027923211169284486 0.05149831138430749
