1 0.19736760500472644 0.43311255446697594 0.09633539137555694 0.20814884456855226
1 0.16032895812744524 0.41089048296548647 0.06484850059725737 0.15262004064752333
4 0.06147540983606557 0.34343902614478344 0.033957845433255265 0.12146014339266731
4 0.08957845433255268 0.2785206736418061 0.03864168618266979 0.06701249290629924
4 0.12177985948477751 0.2711911822301796 0.030444964871194403 0.09423631814948323
4 0.14402810304449648 0.2858501650534325 0.02576112412177986 0.07329491411626478
2 0.1820843091334895 0.17486072367737449 0.031615925058548024 0.09004803734283956
2 0.22540983606557366 0.1664841620640871 0.03629976580796247 0.10261287976277061
2 0.4320843091334895 0.18847263629896652 0.03747072599531613 0.08376561613287402
2 0.5035128805620609 0.20941404033218503 0.03512880562060893 0.08795389693951773
2 0.873536299765808 0.364380430178002 0.0374707259953162 0.18009607468567915
4 0.08021077283372366 0.6952546139028541 0.05737704918032786 0.20941404033218497
4 0.12470725995316158 0.797867493665625 0.08782201405152228 0.26804997162519695
4 0.2230679156908665 0.6219596997865895 0.08548009367681503 0.22616716355875974
3 0.3050351288056206 0.25548512920526567 0.05035128805620609 0.1968491979122539
3 0.5784543325526932 0.3968396064294906 0.0515222482435598 0.3455331665481053
0 0.673268294102827 0.4685265931191583 0.08934928166110873 0.3809454899682361
0 0.7691679186380298 0.5205092547323806 0.13017334093789515 0.4078845657460329
0 0.740632318501171 0.5109702584105313 0.010538641686182616 0.004188280806643689
0 0.8551084828484429 0.5794173669833896 0.22043938366603782 0.45151413664301615
