4 0.08782201405152225 0.6868780522895669 0.07494145199063232 0.24292028678533462
4 0.13056206088992967 0.8020557744722686 0.08548009367681488 0.30574449888499006
4 0.2353629976580796 0.6271950507948941 0.10772833723653395 0.25339098880194394
4 0.063231850117096 0.3361095347331569 0.04449648711943793 0.1319308454092765
4 0.08899297423887587 0.28166188424678884 0.0351288056206089 0.06491835250297737
4 0.1451990632318501 0.30679156908665106 0.04215456674473067 0.10680116056941433
4 0.13114754098360656 0.26072048021357036 0.030444964871194368 0.06491835250297733
1 0.12412177985948478 0.20208454892055855 0.0398126463700234 0.11517772218270177
2 0.24004683840749416 0.15182517924083413 0.032786885245901655 0.09423631814948323
2 0.8454332552693208 0.35495679836305355 0.06088992974238877 0.23244958476872538
2 0.915105386416862 0.44605190590755406 0.0550351288056207 0.18428435549232275
3 0.33313817330210777 0.2722382524318405 0.062060889929742444 0.24710856759197827
3 0.4197892271662762 0.21464939134048966 0.04098360655737678 0.19056677670228833
3 0.38758782201405156 0.3423919559431225 0.04449648711943795 0.30783863928831195
0 0.7259953161592506 0.4942171351839566 0.05620608899297423 0.36019214937135813
0 0.7511709601873536 0.5800768917201525 0.07142857142857138 0.3853218342112204
2 0.461943793911007 0.20836697013052408 0.040983606557377004 0.13193084540927655
2 0.5175644028103045 0.2209318125504552 0.03981264637002347 0.16124881105578248
