4 0.22775175644028103 0.6177714189799458 0.09016393442622953 0.22197888275211602
4 0.0860655737704918 0.7161960179360727 0.06206088992974239 0.23454372517204733
4 0.1288056206088993 0.795773353262303 0.05854800936768152 0.2806148140451279
4 0.06498829039812647 0.3340153943298351 0.033957845433255265 0.1277425646026328
4 0.08372365339578454 0.27852067364180605 0.045667447306791564 0.07538905451958659
4 0.12353629976580796 0.26804997162519684 0.026932084309133516 0.09214217774616142
4 0.14929742388758782 0.3026032882800074 0.03161592505854799 0.09423631814948326
3 0.19262295081967218 0.23873200597869093 0.031615925058548024 0.1549663898458169
3 0.5532786885245902 0.43558120389094485 0.09953161592505858 0.4020749574377952
3 0.6545667447306792 0.44500483570589305 0.06791569086651042 0.3622862897746801
2 0.8360655737704918 0.3622862897746801 0.04683840749414515 0.2177906019454724
2 0.9361826697892272 0.4586167483274852 0.029274004683840643 0.10889530097273614
0 0.8614535168603352 0.5771493020665468 0.16018934089376757 0.44472187745390157
2 0.21896955503512885 0.16334295145910427 0.025761124121779878 0.0795773353262303
2 0.4279859484777518 0.18742556609730557 0.043325526932084274 0.09423631814948326
1 0.17178986174882357 0.4855869011659675 0.10829284678805351 0.2886177730264795
1 0.0977751756440281 0.4795581523607036 0.05269320843091335 0.2052257595255412
