4 0.2259953161592506 0.6282421209965551 0.10538641686182668 0.24292028678533462
4 0.08138173302107729 0.7151489477344118 0.06440281030444965 0.25339098880194394
4 0.12412177985948478 0.8051969850772513 0.08665105386416856 0.29527379686838096
4 0.06381733021077282 0.335062464531496 0.03629976580796252 0.11727186258602358
4 0.08548009367681499 0.2753794630368233 0.04449648711943793 0.07748319492290846
4 0.1288056206088993 0.2596734100119094 0.021077283372365318 0.083765616132874
4 0.14461358313817332 0.3015562180783464 0.03395784543325528 0.1005187393594488
3 0.19379391100702578 0.23454372517204722 0.029274004683840785 0.14658982823252947
2 0.22775175644028103 0.17486072367737449 0.03395784543325526 0.11517772218270177
2 0.4859484777517564 0.18951970650062744 0.032786885245901655 0.10680116056941437
2 0.5298594847775177 0.20313161912221947 0.038641686182669804 0.09633045855280514
2 0.8250581265156391 0.34370113961895543 0.07221493542669918 0.1857679660366401
2 0.9197892271662763 0.45652260792416327 0.03395784543325533 0.14240154742588587
0 0.8614483083114238 0.4561441984217801 0.142024568324795 0.2441078911638033
1 0.08548009367681499 0.4942171351839566 0.05386416861826697 0.1884726362989666
1 0.6188524590163934 0.7664553876157971 0.09250585480093669 0.44814604631087596
1 0.7615595453927679 0.6782419634424486 0.2344946836939002 0.4402966346881206
3 0.6569086651053864 0.4177810104627091 0.06323185011709598 0.2952737968683809
3 0.38524590163934436 0.28689723525509353 0.06323185011709605 0.27642653323848426
