3 0.2956674473067916 0.25339098880194383 0.04332552693208431 0.1926609171056102
3 0.3501170960187354 0.3832276938078985 0.07962529274004698 0.32249762211156496
3 0.651639344262295 0.4533813973191805 0.06206088992974243 0.37903941300125493
0 0.7588969116013854 0.5221775533474148 0.1473515428989377 0.38744953278114397
0 0.846243928160342 0.5718266368258753 0.22252761306418406 0.4627877156391106
2 0.8372365339578454 0.348674377153088 0.04683840749414515 0.18637849589564465
2 0.9268149882903981 0.4586167483274852 0.022248243559719043 0.12146014339266735
2 0.1797423887587822 0.1926609171056102 0.03629976580796253 0.09633045855280513
2 0.2230679156908665 0.1622958812574434 0.026932084309133516 0.08585975653619586
4 0.22658079625292743 0.6334774720048597 0.09484777517564406 0.24920270799530023
4 0.08313817330210772 0.7182901583393947 0.05386416861826697 0.2722382524318406
4 0.13231850117096017 0.7978674936656244 0.07025761124121781 0.28480309485177135
4 0.1481264637002342 0.3057444988849901 0.03395784543325526 0.1130835817793799
4 0.12177985948477751 0.2753794630368233 0.028103044496487133 0.08585975653619585
4 0.09074941451990633 0.279567743843467 0.040983606557377046 0.05235351008304622
4 0.0661592505854801 0.3319212539265132 0.03864168618266978 0.11936600298934544
1 0.16194948031530604 0.445057939834218 0.12168368171046211 0.2565857243232189
1 0.09718969555035128 0.4764169417557209 0.058548009367681494 0.19475505750893204
2 0.4350117096018735 0.19475505750893204 0.038641686182669804 0.09214217774616142
