0 0.7052330817394287 0.09480337078651685 0.020418775195128178 0.1446629213483146
3 0.41505087271635643 0.2563202247191011 0.06832436315292903 0.29353932584269665
3 0.3427998220259027 0.25421348314606745 0.06518301312290938 0.16853932584269665
3 0.2725121151042112 0.4143258426966292 0.12094197615575938 0.3707865168539326
3 0.36125525345226855 0.5316011235955057 0.08638712582554245 0.4255617977528091
1 0.46963182948794907 0.5758426966292134 0.0706803756754438 0.49157303370786515
2 0.13513146159450015 0.5843104947553853 0.18993431802307653 0.4139889920069716
2 0.05654430054035508 0.3398876404494382 0.03769620036023672 0.08146067415730343
2 0.443323022986534 0.08707865168539326 0.033769512822712074 0.06741573033707866
2 0.5151814049232352 0.059691011235955056 0.031413500300197225 0.0800561797752809
2 0.6636101938416672 0.04985955056179775 0.028272150270177578 0.0547752808988764
4 0.615704605883866 0.6502808988764052 0.12408332618577836 0.40449438202247073
4 0.7700234261085857 0.46067415730337075 0.07146571318294875 0.2078651685393259
4 0.623557980958916 0.3616573033707865 0.05183227549532498 0.1474719101123597
4 0.5748670554936097 0.5007022471910113 0.10052320096063089 0.2823033707865166
4 0.827745732910198 0.22612359550561797 0.04869092546530605 0.11516853932584264
4 0.8835046959430483 0.23174157303370785 0.02198945021013813 0.08146067415730339
4 0.8410964705377819 0.15800561797752807 0.036125525345226554 0.06039325842696626
4 0.8866460459730677 0.17275280898876402 0.02198945021013813 0.033707865168539325
4 0.8654419332704347 0.16853932584269665 0.029842825285187478 0.07303370786516855
