1 0.8032173758152874 0.7591677971825891 0.2686100650595493 0.4022543120656607
4 0.7691972076788831 0.4829917385891869 0.08813263525305416 0.19194825152332798
4 0.9917102966841188 0.3448826307858168 0.016579406631762623 0.15917659882422325
4 0.8254799301919721 0.22550018166764946 0.04363001745200705 0.10455717765904858
4 0.8451134380453753 0.14044994013902043 0.02705061082024429 0.07178552495994378
4 0.8843804537521813 0.23408323356503402 0.02879581151832454 0.062422195617342385
1 0.6553228621291448 0.2621732215928381 0.06457242582897031 0.28402099005890796
3 0.25916230366492143 0.3487840180119007 0.06806282722513089 0.32615597210061403
3 0.3102094240837696 0.32069402998409663 0.054973821989528736 0.3136715329771457
3 0.3835078534031413 0.2754379381615234 0.0514834205933682 0.30742931341541135
3 0.4629144851657941 0.22081851699634883 0.047993019197207686 0.2606126667024046
3 0.4965095986038394 0.19975102597549568 0.0401396160558464 0.25905211181197096
3 0.5244328097731238 0.19506936130419505 0.03664921465968605 0.22159879444156555
3 0.5549738219895288 0.17556242517377554 0.036649214659685896 0.21379601998939776
3 0.5951134380453752 0.15215410181727212 0.027923211169284413 0.19819047108506216
3 0.6326352530541013 0.07568691218602767 0.026178010471204303 0.07958829941211157
0 0.6806282722513088 0.07646718963124446 0.015706806282722426 0.08114885430254513
0 0.700261780104712 0.10689800999469888 0.014834205933682227 0.14513160481032109
0 0.7238219895287957 0.1022163453233982 0.016579406631762623 0.11704161678251701
2 0.6618673647469459 0.04447581437735646 0.025305410122164033 0.04837720160344037
2 0.6282722513089005 0.025749155692153743 0.022687609075043653 0.03589276247997188
2 0.43717277486911 0.06788413773385987 0.05235602094240839 0.09207273853558005
2 0.5261780104712043 0.04057442715127257 0.031413612565445066 0.062422195617342406
