3 0.41920374707259955 0.3235446923132258 0.04215456674473067 0.24501442718865646
3 0.48067915690866514 0.405216168042778 0.06674473067915691 0.3162152009015994
0 0.6756440281030446 0.4711815907474163 0.07728337236533953 0.3769452725979329
0 0.8402732940834161 0.5780172900836607 0.15766810727495353 0.41348177717474444
2 0.9147795688293167 0.46127064491553527 0.09085176224392953 0.16736306813298824
2 0.8477751756440282 0.3455331665481053 0.04918032786885235 0.1591546706524606
2 0.22072599531615927 0.15810760045079966 0.031615925058548024 0.08167147572955213
2 0.18032786885245902 0.16962537266906985 0.028103044496487116 0.0712007737129429
2 0.3899297423887587 0.17695486408069633 0.0210772833723653 0.060730071696333654
2 0.42974238875878223 0.17695486408069633 0.025761124121779774 0.060730071696333654
2 0.497072599531616 0.20627282972720226 0.026932084309133516 0.08585975653619585
4 0.06147540983606557 0.335062464531496 0.03629976580796254 0.13402498581259834
4 0.08723653395784543 0.2722382524318405 0.03629976580796254 0.07538905451958659
4 0.12119437939110071 0.26804997162519684 0.031615925058548024 0.0712007737129429
4 0.14051522248243561 0.29422672666671995 0.028103044496487133 0.09004803734283953
1 0.17737234261635693 0.4871324516677369 0.10596573552480326 0.2634916649689022
4 0.22950819672131145 0.6125360679716411 0.11475409836065581 0.22826130396208158
4 0.0889929742388759 0.7088665265244463 0.06088992974238876 0.25339098880194394
4 0.12646370023419207 0.7947262830606421 0.08430913348946137 0.2575792696085875
1 0.3618266978922718 0.44081655489924915 0.08196721311475398 0.38741597461454175
