1 0.4057591623036649 0.8877978902727398 0.15357766143106452 0.22440421945452044
1 0.22425828970331588 0.858147347354502 0.14485165794066318 0.2837053052909958
1 0.23778359511343802 0.6624555509890463 0.0863874345549738 0.22003823955113205
1 0.36823734729493895 0.6343655629612422 0.10471204188481671 0.32615597210061414
1 0.3730366492146597 0.433053982095313 0.06020942408376961 0.13576827546771966
1 0.40314136125654443 0.33551930144321546 0.07329842931937165 0.19038769663289432
3 0.24476439790575916 0.36751067669710336 0.10209424083769633 0.28870265473020856
3 0.2129144851657941 0.25671127947632066 0.04537521815008727 0.17634270261899232
3 0.31849912739965086 0.17400187028334202 0.0401396160558464 0.11079939722078276
3 0.3237347294938918 0.35658679246406855 0.045375218150087306 0.22628045911286623
3 0.3996509598603839 0.17634270261899232 0.054101221640488646 0.12172328145381771
3 0.4406631762652705 0.17088076050247486 0.031413612565445066 0.1264049461251184
3 0.4738219895287958 0.23408323356503405 0.040139616055846476 0.2621732215928382
3 0.5052356020942409 0.21613685232504806 0.033158813263525315 0.2418860080172018
3 0.5287958115183247 0.1802440898450762 0.027923211169284486 0.24500711779806894
3 0.5741710296684118 0.15059354692683855 0.031413612565445066 0.20443269064679637
3 0.612565445026178 0.14357104991988756 0.033158813263525315 0.1997510259754957
0 0.6780104712041884 0.11860217167295058 0.015706806282722568 0.15605548904335603
0 0.6980802792321117 0.10533745510426532 0.013961605584642314 0.14513160481032109
0 0.712914485165794 0.0944135708712304 0.015706806282722426 0.1139205070016499
1 0.7281849912739965 0.20521296809201317 0.03228621291448519 0.17634270261899232
2 0.7766143106457243 0.13108661079641906 0.020942408376963328 0.14357104991988753
4 0.7779232111692843 0.46348480245876744 0.05671902268760917 0.2309621237841669
4 0.8263525305410121 0.2169171297702649 0.029668411867364596 0.102996622768615
4 0.8826352530541013 0.23408323356503402 0.02356020942408378 0.07802774452167799
4 0.9921465968586388 0.3402009661145161 0.015706806282722426 0.10611773254948215
2 0.6487783595113439 0.04369553693213968 0.020069808027923273 0.04057442715127255
2 0.6662303664921465 0.04135470459648935 0.020069808027923273 0.032771652699104765
2 0.4842931937172775 0.08348968663819548 0.02617801047120423 0.051498311384307494
