0 0.748858888887597 0.5070420634043916 0.20904285022725944 0.42854110983189214
0 0.8589376167636922 0.6103874252569542 0.19196184291016677 0.3669927078955601
2 0.9192572462488866 0.41983454218333516 0.048429290393135885 0.06523958272336287
2 0.8366510538641685 0.3235446923132258 0.04566744730679161 0.16124881105578248
2 0.4783372365339579 0.18323728529066188 0.03629976580796253 0.09423631814948326
2 0.41978922716627637 0.17904900448401817 0.03395784543325526 0.08585975653619585
2 0.2265807962529274 0.15915467065246058 0.029274004683840716 0.08376561613287398
2 0.19262295081967218 0.16962537266906988 0.02927400468384075 0.07957733532623033
4 0.12763466042154564 0.265955831221875 0.02341920374707259 0.0712007737129429
4 0.14461358313817332 0.2994620776750246 0.03395784543325528 0.08795389693951773
4 0.08665105386416862 0.2701441120285187 0.03747072599531616 0.05863593129301179
4 0.0667447306791569 0.3319212539265132 0.03747072599531616 0.11936600298934544
1 0.16451990632318503 0.47955815236070365 0.048009367681498834 0.2638616908185531
4 0.22365339578454344 0.6083477871649972 0.07962529274004695 0.19894333831557603
4 0.08548009367681499 0.7235255093476992 0.060889929742388764 0.24501442718865662
4 0.12997658079625285 0.8020557744722688 0.07494145199063226 0.2764265332384841
3 0.6053864168618267 0.44919311651253685 0.07259953161592513 0.35809800896803634
3 0.3805620608899297 0.2858501650534325 0.04449648711943795 0.24920270799530017
