1 0.4284467713787086 0.7715365509354395 0.17452006980802787 0.456926898129121
1 0.36387434554973824 0.6039347425977879 0.11169284467713783 0.3495642954571176
3 0.20287958115183244 0.36126845713536926 0.07940663176265271 0.25124933735980326
3 0.28184991273996507 0.3838965030466558 0.07329842931937175 0.3308376367719148
1 0.38089005235602097 0.3885781677179565 0.10558464223385698 0.29962653896324354
3 0.362129144851658 0.19428908385897825 0.06457242582897031 0.117041616782517
3 0.4109947643979058 0.22081851699634877 0.041884816753926725 0.22628045911286626
3 0.4524432809773124 0.23330295611981725 0.03228621291448519 0.273097105825873
3 0.48603839441535773 0.20911435531809705 0.029668411867364738 0.25905211181197096
3 0.5183246073298429 0.17478214772855874 0.03839441535776608 0.25593100203110386
2 0.6173647469458986 0.316012365312796 0.05671902268760945 0.3136715329771456
1 0.5850785340314136 0.2426662854624186 0.03752181500872595 0.26685488626413884
3 0.5780977312390925 0.09597412576166395 0.02356020942408378 0.08895162875471295
3 0.6007853403141362 0.0873910738642794 0.021815008726003525 0.0749066347408109
3 0.6195462478184992 0.11235995211121633 0.0209424083769634 0.1529343792624889
3 0.6413612565445027 0.10923884233034922 0.024432809773123978 0.1342077205772862
0 0.6780104712041884 0.11626133933730025 0.022687609075043726 0.15449493415292245
0 0.7046247818499128 0.10845856488513243 0.03054101221640494 0.15137382437205535
0 0.7264397905759162 0.09753468065209753 0.02006980802792313 0.10767828743991564
4 0.7892670157068065 0.46660591223963443 0.08638743455497383 0.19662991619462858
4 0.8154450261780104 0.9564623054518164 0.1178010471204189 0.08707538909636725
4 0.9917102966841188 0.36126845713536926 0.016579406631762623 0.14201049502945398
4 0.8267888307155323 0.22159879444156555 0.042757417102966856 0.10299662276861497
4 0.881762652705061 0.22237907188678235 0.030541012216404796 0.07646718963124446
2 0.6609947643979058 0.036673039925188666 0.02356020942408378 0.03901387226083901
2 0.6282722513089005 0.030430820363454424 0.015706806282722568 0.03901387226083901
2 0.48211169284467714 0.07568691218602767 0.03228621291448519 0.042134982041706126
2 0.5514834205933683 0.04057442715127257 0.041884816753926725 0.056179976055608184
