1 0.5702443280977313 0.823034862319747 0.1352530541012217 0.353930275360506
1 0.4589877835951135 0.7248777466063888 0.11867364746945895 0.46036369267790034
1 0.3791448516579406 0.8815556707110055 0.18935427574171027 0.23688865857798902
1 0.15357766143106455 0.9416370339926976 0.14834205933682373 0.11672593201460486
1 0.28359511343804544 0.6429486148586269 0.11518324607329848 0.38389650304665573
1 0.35209424083769636 0.5532167086586971 0.08464223385689355 0.3448826307858168
1 0.3660558464223385 0.3643895669162363 0.06369982547993025 0.13888938524858688
1 0.3254799301919721 0.3503445729023343 0.04537521815008727 0.15449493415292248
3 0.26745200698080285 0.3698515090327538 0.08987783595113438 0.26841544115457244
3 0.23211169284467711 0.29962653896324354 0.03664921465968584 0.17790325750942582
3 0.20331588132635248 0.2785590479423905 0.05410122164048868 0.23564378845546766
3 0.2849040139616056 0.21067491020853066 0.05671902268760906 0.11235995211121633
3 0.35253054101221637 0.21769740721548167 0.05061082024432814 0.1763427026189923
3 0.40226876090750435 0.27387738327108985 0.04712041884816756 0.2824604351684744
3 0.43324607329842935 0.2450071177980689 0.03577661431064577 0.26841544115457233
3 0.4803664921465969 0.22550018166764943 0.051483420593368336 0.2574915569215374
3 0.5170157068062827 0.18726658685202724 0.034031413612565446 0.2247199042224327
3 0.5527923211169284 0.16307798605030704 0.039267015706806276 0.22315934933199913
3 0.6112565445026178 0.14201049502945398 0.03054101221640494 0.19038769663289437
0 0.6579406631762652 0.11626133933730025 0.019197207678883076 0.15449493415292245
0 0.6793193717277487 0.10923884233034922 0.021815008726003525 0.1466921597007547
0 0.7015706806282722 0.1014360678781814 0.022687609075043726 0.14357104991988753
0 0.7203315881326353 0.08973190619992973 0.014834205933682369 0.1295260559059855
2 0.7613438045375218 0.11860217167295058 0.01832460732984288 0.12796550101555196
2 0.6967713787085514 0.2855815449493415 0.06369982547993032 0.22159879444156555
1 0.8263525305410121 0.5056197845004735 0.06980802792321114 0.41822871063619416
4 0.8224258289703318 0.22237907188678235 0.04624781849912736 0.1014360678781814
4 0.8856893542757418 0.2239396267772159 0.03664921465968576 0.06086164072690885
4 0.9904013961605586 0.3472234631214672 0.019197207678883076 0.12016272656338418
2 0.6378708551483421 0.03901387226083901 0.01745200698080282 0.06554330539820953
2 0.662739965095986 0.032771652699104765 0.013089005235602257 0.031211097808671203
2 0.48647469458987785 0.07646718963124446 0.039267015706806345 0.0593010858364753
2 0.41404886561954624 0.09441357087123041 0.03228621291448519 0.05461942116517461
