0 0.8155529781159331 0.5910694158432882 0.17333830793696947 0.394320979305092
0 0.8796309211424906 0.6232214212081563 0.1524653125403836 0.3643986599234747
2 0.9250585480093676 0.4230163614710138 0.0374707259953162 0.06701249290629924
2 0.8319672131147542 0.3434390261447834 0.05503512880562056 0.17171951307239167
2 0.6680327868852458 0.23873200597869093 0.029274004683840785 0.1005187393594488
2 0.22423887587822017 0.15601346004747782 0.033957845433255224 0.09004803734283953
2 0.09367681498829039 0.21988474234879427 0.03044496487119438 0.09214217774616142
3 0.664519906323185 0.29422672666671995 0.0807962529274004 0.10261287976277067
3 0.6557377049180326 0.5245821710321235 0.07025761124121768 0.37485113219461114
3 0.3149882903981264 0.2471085675919783 0.049180327868852416 0.23454372517204716
3 0.2593676814988291 0.27328532263350125 0.04566744730679159 0.22826130396208158
4 0.14402810304449648 0.3099327796916338 0.03512880562060891 0.12146014339266728
4 0.12119437939110071 0.2848030948517716 0.02224824355971899 0.09214217774616142
4 0.08548009367681499 0.27747360344014516 0.04449648711943793 0.06491835250297733
4 0.06147540983606557 0.34134488574146155 0.04332552693208431 0.11308358177937987
4 0.23653395784543307 0.6313833316015376 0.10538641686182651 0.23663786557536917
4 0.08723653395784543 0.7046782457178026 0.06908665105386416 0.23663786557536917
4 0.13466042154566737 0.7999616340689468 0.07259953161592497 0.2889913756584152
2 0.4350117096018735 0.18742556609730557 0.040983606557377004 0.09423631814948326
