0 0.7068037567544385 0.09339887640449439 0.020418775195128233 0.14747191011235958
3 0.4366476541727421 0.2633426966292135 0.05654430054035508 0.2598314606741573
3 0.47709253580924593 0.223314606741573 0.04005221288275152 0.247191011235955
3 0.5399195364096405 0.1720505617977528 0.055758963032850134 0.23174157303370788
3 0.2344232459902221 0.4030898876404494 0.10759123852817566 0.23314606741573038
3 0.24541797109529115 0.25491573033707865 0.062041663092889617 0.17556179775280903
2 0.12965135728977706 0.6101259762856996 0.20454488672201293 0.42846178659664874
2 0.0596856505703748 0.3546348314606742 0.05340295051033536 0.08286516853932582
2 0.44135967921777164 0.08567415730337079 0.028272150270177505 0.0955056179775281
2 0.49554796723561195 0.06671348314606743 0.02670147525516775 0.0856741573033708
2 0.5913591431512135 0.037921348314606744 0.0329841753152072 0.07584269662921349
2 0.6596835063041425 0.047050561797752806 0.03455485033021702 0.06320224719101124
4 0.6243433184664207 0.6502808988764046 0.12251265117076932 0.37640449438202245
4 0.7649187323098035 0.464185393258427 0.06596835063041424 0.1896067415730336
4 0.5654430054035509 0.4754213483146067 0.10523522600566096 0.2851123595505618
4 0.6294480122652026 0.35955056179775285 0.04633491294279104 0.10955056179775276
4 0.8230337078651684 0.21699438202247193 0.042408225405266224 0.12780898876404495
4 0.8811486834205334 0.23806179775280895 0.02670147525516768 0.06320224719101124
4 0.8878240522343251 0.17907303370786515 0.02748681276267263 0.05477528089887638
4 0.8438451518140491 0.1523876404494382 0.02591613774766273 0.06320224719101125
