1 0.18084250421100925 0.4766149510944586 0.10737481783785113 0.2526552825246914
4 0.2306791569086651 0.6167243487782847 0.08899297423887581 0.20731989992886318
4 0.07962529274004684 0.7057253159194634 0.06323185011709602 0.21779060194547234
4 0.13056206088992975 0.795773353262303 0.08782201405152225 0.23454372517204733
4 0.06557377049180328 0.33087418372485233 0.030444964871194385 0.10470702016609251
1 0.016978922716627636 0.24606149739031738 0.02927400468384075 0.10680116056941437
4 0.08313817330210772 0.2764265332384842 0.03981264637002343 0.0795773353262303
4 0.12236533957845433 0.2701441120285187 0.024590163934426243 0.0712007737129429
4 0.14168618266978922 0.29317965646505906 0.030444964871194385 0.08376561613287396
2 0.18325526932084307 0.17904900448401817 0.024590163934426243 0.08167147572955216
2 0.22423887587822017 0.1581076004507997 0.02927400468384075 0.07329491411626474
2 0.42974238875878223 0.1832372852906619 0.032786885245901655 0.08167147572955218
2 0.4953161592505855 0.2052257595255413 0.0374707259953162 0.08795389693951769
2 0.8559718969555036 0.35076851755640986 0.0398126463700234 0.16543709186242617
2 0.9326697892271664 0.4544284675208415 0.03395784543325533 0.1047070201660926
3 0.3600702576112412 0.2952737968683809 0.062060889929742444 0.23454372517204722
3 0.5616814650533878 0.3995757071626336 0.0965090174395852 0.3397140174402013
0 0.6732186357585183 0.471540954796004 0.0876714261106887 0.37618293085775745
0 0.7637075827994971 0.5234792101787699 0.13702882986369844 0.4071106677343572
0 0.8618917227613957 0.5900713256957768 0.15280927981301617 0.4305498038905094
