0 0.7103377755382106 0.09339887640449439 0.019633437687623285 0.14747191011235955
1 0.9916212796980872 0.2851123595505618 0.016757440603825557 0.08707865168539325
3 0.3341611094433485 0.3181179775280899 0.052617613002830445 0.29353932584269665
3 0.43429164165022727 0.25210674157303375 0.06439767561540442 0.28792134831460675
3 0.5195007612145123 0.19311797752808985 0.04476423792778121 0.2626404494382022
2 0.4378256604339994 0.08497191011235955 0.04319356291277124 0.07443820224719101
2 0.49279928595934464 0.06952247191011236 0.02591613774766266 0.08005617977528091
2 0.6608615125654 0.04845505617977528 0.02591613774766287 0.05196629213483146
2 0.13099375716191594 0.5927041160921095 0.21032836385834916 0.4193824280506348
2 0.052224944249077955 0.3441011235955056 0.047905587957800824 0.0955056179775281
3 0.2654440775366669 0.4536516853932585 0.11780062612573981 0.3258426966292135
3 0.17630827043485717 0.34550561797752805 0.09973786345312634 0.22191011235955055
4 0.6215946371901534 0.639747191011236 0.16884756411356036 0.34691011235955055
4 0.7692380886010807 0.46558988764044945 0.07460706321296855 0.19522471910112354
4 0.5634796616347885 0.4859550561797753 0.1013085384681363 0.3117977528089888
4 0.6239506497126682 0.3672752808988764 0.04790558795780072 0.13904494382022467
4 0.8297090766789603 0.21207865168539328 0.029057487777682384 0.10674157303370789
4 0.884290033450553 0.22963483146067418 0.03141350030019737 0.07162921348314608
4 0.885860708465563 0.1720505617977528 0.021989450210137988 0.0379213483146067
4 0.845415826829059 0.15519662921348312 0.024345462732652833 0.06601123595505617
