1 0.6077661431064572 0.8004068164084603 0.1649214659685863 0.3991863671830793
4 0.8337696335078533 0.9494398084448653 0.143979057591623 0.10112038311026922
4 0.7796684118673647 0.4915747904865715 0.07766143106457235 0.1935088064137615
4 0.8232984293193718 0.22471990422243265 0.04450261780104711 0.1217232814538177
4 0.8791448516579407 0.21769740721548167 0.04275741710296671 0.08270940919297871
4 0.9899650959860383 0.362048734580586 0.020069808027923273 0.11860217167295055
2 0.7268760907504364 0.22862129144851662 0.05061082024432821 0.20755380042766355
0 0.7011343804537522 0.08817135130949616 0.01832460732984288 0.11704161678251702
0 0.656195462478185 0.1225035588990345 0.020942408376963186 0.15449493415292248
3 0.6265270506108203 0.1342077205772862 0.03141361256544492 0.181024367290293
3 0.6034031413612566 0.1451316048103211 0.020069808027923273 0.19038769663289437
3 0.5794066317626526 0.1568357664885728 0.031413612565445066 0.21379601998939776
3 0.5231239092495636 0.1833651996259433 0.039267015706806345 0.24812822757893607
3 0.49258289703315883 0.12718522357033513 0.03752181500872602 0.1014360678781814
3 0.46945898778359507 0.21457629743461454 0.0610820244328098 0.24812822757893602
3 0.43237347294938916 0.20989463276331385 0.04101221640488653 0.22315934933199913
3 0.3830715532286213 0.21223546509896424 0.06282722513089006 0.1997510259754957
3 0.3023560209424084 0.35658679246406855 0.04450261780104715 0.3199137525388798
3 0.24083769633507854 0.3753134511492712 0.06806282722513089 0.22940156889373334
3 0.17844677137870857 0.30508848107976105 0.05148342059336821 0.1732215928381252
3 0.3551483420593368 0.32693624954583084 0.0418848167539268 0.10767828743991568
1 0.18499127399650958 0.9057442715127257 0.1361256544502618 0.18851145697454869
1 0.22774869109947646 0.7982238264567662 0.13612565445026178 0.32303486231974704
1 0.36823734729493895 0.7514071797437594 0.1273996509598604 0.348003740566684
1 0.3355148342059337 0.5064000619456903 0.06369982547993022 0.21379601998939776
1 0.4144851657940663 0.486112848370054 0.07853403141361248 0.39794149706055776
2 0.6679755671902268 0.046036369267790034 0.02356020942408378 0.048377201603440376
2 0.5994764397905759 0.028870265473020865 0.026178010471204303 0.042134982041706126
2 0.4912739965095986 0.053058866274741046 0.02966841186736481 0.05305886627474104
