2 0.5047993019197208 0.4502200858900821 0.081151832460733 0.1919482515233279
1 0.4720767888307155 0.7652943313737052 0.17102966841186742 0.4694113372525896
1 0.2988656195462478 0.8854570579370895 0.11954624781849915 0.2290858841258212
1 0.17452006980802792 0.8495642954571175 0.15881326352530542 0.300871409085765
1 0.36867364746945896 0.6289036208447247 0.10034904013961601 0.4775297964726694
3 0.34773123909249565 0.26997599604500594 0.056719022687609096 0.259052111811971
3 0.38917975567190227 0.26607460881892203 0.03490401396160557 0.26061266670240457
3 0.42975567190226877 0.24812822757893607 0.04450261780104711 0.29338431940150933
3 0.4629144851657941 0.2278410140032998 0.035776614310645695 0.2808998802780408
3 0.5078534031413613 0.1989707485302789 0.04363001745200705 0.2543704471406703
3 0.5532286212914486 0.16775965072160776 0.036649214659685826 0.2418860080172019
3 0.5924956369982549 0.15839632137900636 0.03839441535776622 0.21379601998939773
3 0.6143106457242582 0.1451316048103211 0.02443280977312391 0.19038769663289437
3 0.6361256544502618 0.13966966269380365 0.027923211169284486 0.1981904710850622
0 0.6784467713787086 0.11157967466599958 0.02705061082024443 0.16073715371465674
0 0.7072425828970332 0.10689800999469888 0.01832460732984302 0.14513160481032109
0 0.7277486910994765 0.1022163453233982 0.019197207678882933 0.14513160481032109
1 0.7639616055846422 0.188046864297244 0.039267015706806206 0.1763427026189923
4 0.7691972076788832 0.4681664671300682 0.08813263525305415 0.19350880641376159
4 0.8202443280977312 0.9283723174240123 0.1169284467713787 0.1432553651519754
4 0.9890924956369983 0.36673039925188666 0.021815008726003525 0.18414547707116014
4 0.8246073298429321 0.23096212378416692 0.0418848167539268 0.10923884233034918
4 0.881326352530541 0.21847768466069845 0.03141361256544499 0.08114885430254518
2 0.661431064572426 0.03979414970605579 0.015706806282722568 0.04525609182257325
2 0.6273996509598604 0.024188600801720184 0.0209424083769634 0.03901387226083901
2 0.48691099476439786 0.057740530946041736 0.03839441535776622 0.06866441517907665
