3 0.23516579406631763 0.40340343917707533 0.08813263525305409 0.2637337764832717
3 0.3869982547993019 0.2793393253876073 0.06195462478184993 0.3027476487441107
3 0.4847294938917976 0.2083340778728803 0.053228621291448446 0.2824604351684744
3 0.5571553228621291 0.18414547707116014 0.037521815008726096 0.1935088064137615
3 0.5842059336823735 0.1732215928381252 0.028795811518324613 0.20911435531809708
3 0.6082024432809773 0.13888938524858688 0.04013961605584633 0.19038769663289437
1 0.6876090750436299 0.15449493415292248 0.0401396160558464 0.1779032575094259
1 0.7753054101221641 0.17946381239985942 0.04973821989528801 0.181024367290293
2 0.12390924956369982 0.6132980719403891 0.10296684118673646 0.3963809421701242
2 0.09162303664921467 0.55009559887783 0.09773123909249563 0.4010626068414249
2 0.5466841186736474 0.05696025350082495 0.030541012216404796 0.06086164072690885
2 0.6012216404886562 0.02496887824693696 0.027923211169284413 0.0468166467130068
2 0.6609947643979058 0.0468166467130068 0.02705061082024429 0.05930108583647529
2 0.44589877835951136 0.09207273853558007 0.029668411867364738 0.06554330539820954
4 0.6243455497382199 0.6312444531803751 0.1457242582897033 0.36360928947101945
4 0.7670157068062826 0.4627045250135506 0.06631762652705049 0.16073715371465666
4 0.6204188481675392 0.36360928947101956 0.05235602094240839 0.12796550101555193
4 0.5650087260034904 0.47674951902745266 0.07591623036649217 0.2793393253876073
4 0.8263525305410121 0.21223546509896418 0.03839441535776629 0.09675440320688075
4 0.8468586387434556 0.15761604393378958 0.021815008726003525 0.05617997605560816
4 0.8856893542757416 0.1771229800642091 0.02094240837696347 0.05461942116517461
4 0.8869982547993019 0.2364240659006844 0.028795811518324683 0.06398275050777599
1 0.9895287958115183 0.3511248503475511 0.020942408376963328 0.14981326948162185
