1 0.5602094240837696 0.6078361298238718 0.15881326352530542 0.4853325709248372
4 0.7687609075043631 0.4861128483700541 0.09075043630017447 0.1825849221807266
4 0.8219895287958116 0.22940156889373334 0.04363001745200705 0.12796550101555193
4 0.831588132635253 0.13420772057728617 0.033158813263525246 0.07802774452167799
4 0.8826352530541012 0.2278410140032998 0.035776614310645695 0.07178552495994374
4 0.9904013961605586 0.3565867924640685 0.019197207678883076 0.14513160481032109
4 0.8097731239092495 0.9642650799039842 0.12390924956369986 0.07146984019203159
3 0.24389179755671905 0.3698515090327538 0.08464223385689355 0.3339587465527819
3 0.3036649214659686 0.32069402998409663 0.05759162303664919 0.3199137525388798
3 0.36431064572425825 0.29416459684672613 0.06893542757417101 0.3105504231962785
3 0.4563699825479931 0.21691712977026487 0.0558464223385689 0.2746576607163066
3 0.49781849912739967 0.2005313034207125 0.039267015706806345 0.2481282275789361
3 0.5283595113438045 0.19428908385897828 0.044502617801047036 0.22315934933199913
3 0.5519197207678883 0.1661990958311742 0.025305410122164175 0.21067491020853066
3 0.5885689354275742 0.1404499401390204 0.02356020942408378 0.19350880641376147
3 0.6208551483420593 0.13654855291293655 0.02356020942408378 0.1857060319615937
0 0.6793193717277487 0.06554330539820954 0.03054101221640494 0.06554330539820954
0 0.7054973821989529 0.09597412576166395 0.020069808027923273 0.12016272656338414
0 0.7233856893542757 0.1022163453233982 0.015706806282722426 0.12640494612511838
2 0.443717277486911 0.08817135130949616 0.021815008726003456 0.060861640726908854
2 0.6260907504363001 0.028870265473020865 0.0200698080279232 0.042134982041706126
2 0.6609947643979058 0.048377201603440376 0.02705061082024429 0.05305886627474106
