1 0.293630017452007 0.8838965030466559 0.14048865619546247 0.23220699390668828
1 0.5445026178010471 0.8995020519509914 0.17801047120418845 0.2009958960980171
1 0.743019197207679 0.7389227406202908 0.18411867364746953 0.48845368070570444
1 0.5907504363001744 0.6819624871194658 0.10122164048865613 0.39013872260839
1 0.43673647469458987 0.7840209900589079 0.15794066317626523 0.4319580198821841
1 0.4899650959860384 0.6078361298238717 0.08813263525305409 0.35112485034755103
1 0.3023560209424084 0.6515316667560114 0.1282722513089005 0.46036369267790034
1 0.39048865619546247 0.44631869866399826 0.08813263525305409 0.29962653896324365
1 0.33507853403141363 0.3995020519509914 0.06631762652705067 0.284020990058908
3 0.25087260034904013 0.36282901202580276 0.08289703315881326 0.22628045911286626
3 0.20855148342059338 0.3097701457510617 0.0663176265270506 0.2855815449493415
3 0.2787958115183246 0.23954517568155148 0.05497382198952885 0.21379601998939776
3 0.3298429319371728 0.2083340778728803 0.05759162303664923 0.16697937327639095
3 0.3996509598603839 0.24656767268850252 0.0610820244328098 0.29338431940150933
3 0.43717277486910994 0.24188600801720184 0.03839441535776615 0.2965054291823765
3 0.4965095986038394 0.21145518765374743 0.03490401396160564 0.2730971058258731
3 0.46596858638743455 0.23330295611981725 0.02617801047120416 0.26997599604500594
3 0.5632635253054101 0.1779032575094259 0.034031413612565446 0.22159879444156558
3 0.6130017452006981 0.13420772057728617 0.028795811518324613 0.1841454770711601
2 0.09205933682373474 0.5259069980761099 0.10209424083769633 0.38077539326578874
2 0.30671902268760903 0.07646718963124446 0.04275741710296682 0.06554330539820953
2 0.42975567190226877 0.0928530159807968 0.02879581151832441 0.03589276247997183
2 0.5148342059336823 0.06242219561734242 0.036649214659685896 0.05930108583647529
2 0.644415357766143 0.04603636926779003 0.02006980802792313 0.07334607985037733
2 0.6649214659685865 0.04759692415822359 0.019197207678883076 0.04525609182257325
1 0.7478184991273997 0.23486351101025082 0.05759162303664923 0.2574915569215374
0 0.6854275741710296 0.10767828743991564 0.014834205933682511 0.13108661079641906
0 0.7037521815008726 0.10533745510426532 0.01832460732984288 0.12640494612511838
0 0.7316753926701571 0.0905121836451465 0.020069808027923273 0.09675440320688075
0 0.7687609075043631 0.09987551298774786 0.022687609075043583 0.0936332934260136
1 0.9755671902268762 0.5461942116517462 0.04886561954624782 0.23720434334590124
4 0.9912739965095986 0.3534656826832014 0.01745200698080282 0.10455717765904851
4 0.8294066317626527 0.22940156889373334 0.042757417102966856 0.11235995211121633
4 0.8835078534031413 0.23174240122938372 0.02705061082024429 0.07646718963124446
