3 0.23342059336823737 0.411206213629243 0.1020942408376963 0.30742931341541135
3 0.34947643979057585 0.28714209983977507 0.08115183246073297 0.32147430742931343
3 0.4384816753926702 0.22393962677721593 0.04973821989528801 0.32303486231974704
3 0.48123909249563696 0.2278410140032998 0.039267015706806276 0.2434465629076354
3 0.5261780104712043 0.19428908385897828 0.036649214659685826 0.21691712977026487
3 0.5863874345549737 0.11157967466599956 0.036649214659685875 0.12952605590598554
1 0.5890052356020942 0.25749155692153747 0.06108202443280973 0.2528098922502368
2 0.12390924956369982 0.6125177944951724 0.1326352530541012 0.4041837166222922
2 0.07940663176265271 0.5672617026725991 0.07853403141361257 0.40418371662229197
2 0.6086387434554973 0.032771652699104765 0.025305410122164033 0.053058866274741046
2 0.6601221640488656 0.053058866274741046 0.034031413612565585 0.0468166467130068
2 0.5082897033158814 0.058520808391258505 0.028795811518324613 0.06086164072690885
4 0.6138743455497382 0.6367063952968927 0.14572425828970326 0.32147430742931343
4 0.7648342059336823 0.4564623054518164 0.07068062827225148 0.15449493415292245
4 0.5606457242582897 0.49391562282222184 0.08289703315881326 0.2824604351684744
4 0.6208551483420593 0.36595012180666986 0.04624781849912736 0.14513160481032109
4 0.8259162303664921 0.22159879444156555 0.037521815008726096 0.11548106189208347
4 0.8826352530541013 0.22550018166764943 0.03228621291448505 0.05461942116517459
4 0.8848167539267016 0.17010048305725806 0.01745200698080282 0.05305886627474107
4 0.8477312390924956 0.1459118822555379 0.02705061082024429 0.039013872260839015
1 0.9882198952879584 0.3409812435597329 0.023560209424083736 0.13576827546771975
