2 0.5480093676814988 0.21150818073550684 0.03747072599531606 0.1047070201660925
2 0.44379391100702575 0.18009607468567912 0.030444964871194385 0.033506246453149584
2 0.832552693208431 0.34762730695142713 0.05386416861826703 0.19266091710561017
2 0.936768149882904 0.46385209933578986 0.025761124121779916 0.10680116056941444
2 0.2265807962529274 0.16124881105578248 0.026932084309133516 0.09633045855280513
3 0.26639344262295084 0.26909704182685773 0.04098360655737704 0.2115081807355069
3 0.31030444964871196 0.23559079537370814 0.042154566744730636 0.21569646154215058
3 0.4467213114754099 0.3245917625148868 0.05269320843091336 0.2722382524318405
3 0.6405152224824355 0.44395776550423205 0.07728337236533925 0.4146397998577262
0 0.8043229903795579 0.5692925108641776 0.20285035004778137 0.37742238928576055
0 0.8764931603469264 0.6074978363186667 0.17646277117104234 0.38831144253579625
4 0.22892271662763464 0.6251009103915723 0.09250585480093672 0.24082614638201286
4 0.08372365339578454 0.7046782457178026 0.0784543325526932 0.20313161912221944
4 0.12880562060889925 0.7915850724556592 0.07259953161592496 0.29736793727170246
4 0.06440281030444965 0.3329683241281742 0.03747072599531616 0.13402498581259834
4 0.08430913348946137 0.2722382524318405 0.032786885245901655 0.09214217774616142
4 0.14929742388758782 0.306791569086651 0.03629976580796253 0.11936600298934544
4 0.12412177985948478 0.2711911822301796 0.025761124121779878 0.07748319492290844
