3 0.4543325526932084 0.3402978155398006 0.0608899297423887 0.320403481708243
3 0.39695550351288056 0.27747360344014516 0.05620608899297423 0.28689723525509353
3 0.3430913348946136 0.2701441120285187 0.05620608899297423 0.3015562180783465
3 0.20374707259953162 0.20208454892055855 0.04449648711943795 0.19056677670228836
0 0.889391069473364 0.6250110277524192 0.14535894190474663 0.39367930425361464
0 0.8185086639021509 0.5907237999633635 0.16104041942665576 0.37525838544309353
2 0.8337236533957848 0.33296832412817423 0.053864168618266914 0.16753123226574806
4 0.9320843091334895 0.4470989761092153 0.021077283372365047 0.12355428379598932
4 0.06381733021077282 0.33925074533813965 0.04098360655737704 0.12564842419931088
4 0.08723653395784543 0.26909704182685773 0.033957845433255286 0.06910663330962105
4 0.13231850117096017 0.25339098880194383 0.021077283372365335 0.08376561613287396
4 0.13934426229508198 0.3130739902966166 0.04215456674473067 0.1277425646026329
4 0.08665105386416862 0.71305480733109 0.060889929742388764 0.2366378655753691
4 0.13407494145199067 0.8031028446739292 0.08548009367681511 0.2994620776750244
4 0.22833723653395782 0.6198655593832677 0.11241217798594846 0.25967341001190947
