2 0.1444153577661431 0.6195402915021234 0.13001745200698078 0.3870176128275229
2 0.07547993019197208 0.5126422815074245 0.06544502617801046 0.29182376451107567
3 0.47469458987783597 0.22081851699634875 0.048865619546247886 0.2387648982363347
3 0.5183246073298429 0.24422684035285214 0.04013961605584633 0.25124933735980315
2 0.5074171029668412 0.07022497006951023 0.027050610820244358 0.07178552495994378
2 0.4794938917975567 0.05461942116517461 0.027050610820244358 0.07802774452167802
2 0.6387434554973822 0.034332207589538324 0.013961605584642314 0.05930108583647528
2 0.662739965095986 0.04057442715127257 0.014834205933682369 0.03745331737040545
3 0.5946771378708552 0.15449493415292245 0.03577661431064577 0.21223546509896418
3 0.6291448516579405 0.1396696626938036 0.029668411867364786 0.17322159283812513
0 0.6518324607329842 0.13186688824163587 0.02617801047120409 0.15137382437205535
0 0.6753926701570679 0.10533745510426533 0.019197207678882933 0.17322159283812522
0 0.6950261780104712 0.10923884233034922 0.020069808027923273 0.1466921597007547
4 0.6252181500872601 0.6398275050777598 0.13874345549738223 0.333958746552782
4 0.7700698080279232 0.46816646713006804 0.0706806282722512 0.18414547707116008
4 0.6287085514834206 0.3573670699092853 0.047993019197207616 0.11860217167295058
4 0.5698080279232112 0.49547617771265534 0.08376963350785353 0.26373377648327173
4 0.8232984293193718 0.23174240122938372 0.04624781849912736 0.11392050700164993
4 0.843804537521815 0.16073715371465672 0.027923211169284486 0.0468166467130068
4 0.8856893542757416 0.17790325750942584 0.02617801047120409 0.04993775649387393
4 0.8795811518324607 0.23018184633895017 0.0349040139616055 0.057740530946041736
1 0.9616055846422339 0.3417615210049497 0.029668411867364738 0.20911435531809708
4 0.9899650959860383 0.348003740566684 0.020069808027923273 0.15293437926248896
