2 0.8343091334894613 0.3570509387663755 0.04800936768149881 0.25757926960858757
2 0.9162763466042155 0.45338139731918053 0.05035128805620616 0.182190215089001
2 0.24531615925058545 0.1507781090391732 0.031615925058548024 0.10470702016609251
2 0.522248243559719 0.2041786893238804 0.04215456674473075 0.13611912621592026
2 0.4642857142857143 0.16543709186242617 0.03629976580796246 0.0753890545195866
3 0.4584309133489461 0.34343902614478333 0.05971896955503533 0.2889913756584151
3 0.3922716627634661 0.2722382524318405 0.051522248243559755 0.3015562180783464
3 0.344847775175644 0.2701441120285186 0.043325526932084274 0.25967341001190936
4 0.1463700234192037 0.3130739902966165 0.03278688524590159 0.1403074070225639
4 0.12704918032786885 0.2565321994069267 0.026932084309133478 0.11098944137605812
4 0.08489461358313818 0.26804997162519684 0.038641686182669804 0.08376561613287396
4 0.063231850117096 0.33610953473315697 0.04449648711943793 0.13611912621592026
4 0.2271662763466042 0.6271950507948941 0.10538641686182668 0.25339098880194394
4 0.06908665105386418 0.7015370351128197 0.09367681498829039 0.2680499716251969
4 0.12939110070257615 0.8031028446739296 0.0737704918032787 0.3162152009015994
3 0.20901639344262293 0.20941404033218503 0.04098360655737704 0.18428435549232283
0 0.8063828838406724 0.5688799622633033 0.18430563262524047 0.37982946181365096
0 0.8606693297085312 0.6142081610947757 0.19282539143547994 0.3697568775892614
