2 0.18266978922716626 0.17800193428235722 0.023419203747072608 0.07538905451958659
2 0.22248243559718972 0.1602017408541215 0.03044496487119435 0.07748319492290844
2 0.930327868852459 0.48165229276402555 0.040983606557377074 0.11308358177937983
2 0.8302107728337237 0.36019214937135824 0.06088992974238863 0.1507781090391732
2 0.4262295081967213 0.18637849589564467 0.03512880562060893 0.0712007737129429
2 0.497072599531616 0.19894333831557576 0.04800936768149881 0.07957733532623029
2 0.3899297423887587 0.17486072367737449 0.025761124121779843 0.060730071696333654
3 0.37060889929742385 0.29841500747336364 0.05269320843091336 0.22826130396208166
3 0.4783372365339579 0.3936983958245079 0.07377049180327873 0.3141210604982776
0 0.703413307532217 0.49944625434804424 0.14516674592251205 0.38705355438134403
0 0.8489231286950336 0.5779648043402222 0.16622821679633376 0.40775277456877324
4 0.06557377049180328 0.3287800433215305 0.030444964871194385 0.10470702016609251
4 0.08489461358313818 0.26909704182685773 0.033957845433255265 0.06491835250297737
4 0.1206088992974239 0.2701441120285187 0.030444964871194385 0.0712007737129429
4 0.14168618266978922 0.29736793727170274 0.032786885245901655 0.08795389693951766
1 0.17103849052622735 0.4753398595239105 0.10297167818162212 0.2597904388085888
4 0.22423887587822017 0.6230067699882504 0.09484777517564404 0.21988474234879427
4 0.08606557377049179 0.7099135967261073 0.08548009367681499 0.23035544436540353
4 0.12997658079625293 0.8020557744722686 0.10070257611241218 0.2722382524318405
