3 0.6417849018438457 0.42803238949238703 0.13119283461292028 0.3938211588039772
3 0.45140515222482436 0.320403481708243 0.05269320843091336 0.3141210604982775
3 0.382903981264637 0.27852067364180605 0.053864168618266955 0.2722382524318405
0 0.7557813515481652 0.5275022891291749 0.13946908354163143 0.36515169780875295
0 0.8258050488783248 0.5797275927873338 0.17019240506783034 0.3576374400336203
0 0.8717519621065223 0.6419424273012447 0.17964412926473186 0.4021855633455093
2 0.9010160378232216 0.459058408657415 0.07177414410199191 0.1356319393480507
2 0.8331381733021078 0.33087418372485233 0.05035128805620601 0.18009607468567915
2 0.5392271662763466 0.2041786893238804 0.05269320843091329 0.10680116056941437
2 0.2271662763466042 0.16334295145910432 0.03044496487119435 0.0795773353262303
2 0.19262295081967212 0.1706724428707308 0.026932084309133516 0.08585975653619586
4 0.08548009367681499 0.279567743843467 0.03044496487119438 0.056541790889689914
4 0.06440281030444965 0.3329683241281742 0.03981264637002342 0.12146014339266728
4 0.12646370023419204 0.2617675504152313 0.025761124121779843 0.07538905451958659
4 0.1451990632318501 0.30050914787668553 0.037470725995316145 0.09842459895612694
4 0.22775175644028103 0.6219596997865895 0.0995316159250585 0.22616716355875988
4 0.08138173302107728 0.7151489477344118 0.06674473067915691 0.23663786557536903
4 0.12470725995316162 0.8041499148755901 0.07377049180327862 0.28899137565841515
