3 0.3507025761124122 0.2732853226335014 0.06440281030444961 0.25339098880194383
3 0.4314988290398126 0.3162152009015994 0.057377049180327905 0.29317965646505906
3 0.6533957845433253 0.5360999432503937 0.060889929742388764 0.38951011501786426
3 0.6615925058548009 0.29841500747336364 0.08430913348946141 0.12355428379598915
2 0.5720140515222483 0.21360232113882874 0.05035128805620601 0.11308358177937991
2 0.8430913348946136 0.35286265795973193 0.05386416861826692 0.20731989992886327
2 0.9085722027898347 0.4480478247849472 0.06651696305727399 0.10584738507401979
0 0.8680892446734912 0.620235156147332 0.21256978840548896 0.3841635025137961
0 0.820787566436273 0.5865851835683565 0.17274578251679912 0.3669521681705112
2 0.19262295081967212 0.16753123226574804 0.038641686182669804 0.08376561613287402
2 0.22540983606557374 0.1549663898458169 0.03864168618266976 0.08795389693951769
4 0.06791569086651053 0.33087418372485233 0.03981264637002342 0.11727186258602354
4 0.0860655737704918 0.2722382524318405 0.04098360655737704 0.06701249290629921
4 0.12353629976580795 0.2722382524318405 0.031615925058548 0.07538905451958659
4 0.14402810304449648 0.3005091478766855 0.03512880562060891 0.10261287976277067
4 0.22775175644028103 0.6083477871649974 0.10889929742388758 0.2492027079953001
4 0.0860655737704918 0.7224784391460384 0.06908665105386415 0.2554851292052658
4 0.13407494145199064 0.8031028446739296 0.0784543325526932 0.2910855160617372
