2 0.12958115183246072 0.6187600140569066 0.12129144851657941 0.4073048264031592
2 0.09424083769633508 0.5586786507752146 0.10471204188481675 0.3682909541423202
2 0.45375218150087265 0.10377690021383178 0.02617801047120416 0.09207273853558007
2 0.5056719022687609 0.06554330539820953 0.034031413612565446 0.07490663474081088
2 0.6321989528795812 0.03745331737040545 0.03054101221640494 0.05930108583647529
3 0.36823734729493895 0.30352792618932745 0.05759162303664923 0.32303486231974693
3 0.47076788830715527 0.22237907188678235 0.06893542757417094 0.2512493373598032
3 0.5449389179755673 0.17868353495464262 0.0410122164048866 0.24812822757893607
3 0.5732984293193717 0.17868353495464262 0.022687609075043653 0.21067491020853063
3 0.5903141361256544 0.16151743115987352 0.0200698080279232 0.2044326906467964
3 0.6164921465968587 0.1381091078033701 0.027050610820244358 0.2013115808659293
0 0.6893542757417103 0.09675440320688075 0.033158813263525246 0.14044994013902043
4 0.6164921465968587 0.6398275050777598 0.15095986038394416 0.3495642954571176
4 0.7809773123909249 0.45802286034225 0.09598603839441537 0.16697937327639095
4 0.6204188481675394 0.36595012180666986 0.05584642233856891 0.1638582634955238
4 0.5606457242582897 0.4814311836987533 0.08464223385689351 0.31055042319627846
4 0.8211169284467715 0.22862129144851656 0.045375218150087306 0.10455717765904854
4 0.8394415357766144 0.1583963213790064 0.029668411867364596 0.048377201603440376
1 0.7565445026178008 0.15293437926248893 0.0418848167539268 0.17166103794769164
4 0.9886561954624782 0.33942068866929936 0.022687609075043583 0.17010048305725814
4 0.8852530541012217 0.1857060319615937 0.021815008726003525 0.0468166467130068
4 0.8861256544502618 0.22862129144851656 0.034031413612565446 0.06086164072690888
