3 0.5878220140515222 0.3957925362278297 0.07728337236533961 0.3811335534045767
3 0.6580796252927403 0.43139292308430116 0.05854800936768094 0.3936983958245078
3 0.18735362997658078 0.23559079537370806 0.030444964871194396 0.15287224944249506
2 0.22365339578454332 0.1591546706524606 0.028103044496487116 0.0712007737129429
2 0.8360655737704917 0.34762730695142713 0.04918032786885235 0.20103747871889766
2 0.927400468384075 0.4617579589324679 0.030444964871194316 0.1277425646026329
0 0.8398849585033704 0.5792699631617386 0.2148618648834726 0.4364832982015976
2 0.5134660421545668 0.19580212771059297 0.03395784543325526 0.10261287976277066
2 0.4285714285714286 0.18219021508900096 0.03747072599531613 0.0753890545195866
4 0.12763466042154564 0.26490876102021405 0.021077283372365318 0.07329491411626474
4 0.1446135831381733 0.2942267266667199 0.029274004683840733 0.09423631814948323
4 0.08957845433255268 0.28480309485177163 0.03864168618266979 0.06701249290629917
4 0.0655737704918033 0.3277329731198696 0.03747072599531616 0.11517772218270177
4 0.22833723653395788 0.6251009103915721 0.09133489461358316 0.23244958476872532
4 0.0860655737704918 0.7099135967261073 0.06440281030444965 0.22616716355875993
4 0.12822014051522246 0.7905380022539987 0.07142857142857147 0.2827089544484496
1 0.1762187222569171 0.49442309190722783 0.1052264357445254 0.3046836592713379
1 0.08021077283372366 0.4900288543773129 0.055035128805620614 0.19684919791225397
