4 0.8215532286212914 0.9541214731161659 0.13350785340314134 0.091757053767668
4 0.7705061082024433 0.49781701004830564 0.08726003490401382 0.1997510259754957
4 0.9895287958115183 0.35268540523798464 0.020942408376963328 0.1685399281668245
4 0.8254799301919721 0.22315934933199913 0.03839441535776615 0.10923884233034925
4 0.8843804537521817 0.21691712977026487 0.034031413612565446 0.062422195617342385
4 0.8965968586387434 0.15917659882422316 0.02356020942408378 0.059301085836475274
2 0.7438917975567191 0.20677352298244678 0.03577661431064584 0.18882714174246082
1 0.3464223385689354 0.9588031377874668 0.09075043630017447 0.0823937244250665
1 0.20418848167539266 0.8667303992518868 0.1553228621291448 0.2665392014962266
1 0.2613438045375218 0.7615507865315775 0.13874345549738226 0.34332207589538355
1 0.387434554973822 0.6967877585785847 0.11518324607329845 0.37297261881362087
1 0.36561954624781845 0.4588031377874667 0.0610820244328098 0.1217232814538177
1 0.4044502617801047 0.3924795549440404 0.07940663176265268 0.22003823955113203
1 0.34816753926701566 0.36126845713536926 0.041884816753926725 0.16697937327639095
3 0.30410122164048864 0.3721923413684041 0.046247818499127395 0.31055042319627846
3 0.2469458987783595 0.3799951158205719 0.07678883071553226 0.2637337764832716
3 0.18280977312390922 0.35034457290233434 0.06369982547993022 0.1981904710850622
3 0.3917975567190226 0.2005313034207125 0.05759162303664923 0.17010048305725803
3 0.43455497382198954 0.2348635110102508 0.033158813263525315 0.2418860080172018
3 0.4668411867364747 0.22315934933199905 0.040139616055846414 0.2590521118119709
3 0.4960732984293193 0.2075538004276635 0.030541012216404866 0.25593100203110386
3 0.5209424083769634 0.19038769663289437 0.036649214659685826 0.24656767268850252
3 0.5772251308900525 0.15995687626943994 0.02356020942408378 0.1888271417424608
3 0.6025305410122165 0.14357104991988753 0.02705061082024429 0.1841454770711601
0 0.7024432809773125 0.09987551298774786 0.020942408376963328 0.14357104991988756
0 0.6671029668411868 0.11235995211121633 0.01657940663176248 0.1529343792624889
0 0.6461605584642234 0.12406411378946804 0.021815008726003598 0.16385826349552382
0 0.7207678883071554 0.09675440320688072 0.01221640488656206 0.13420772057728617
2 0.5964223385689355 0.023408323356503405 0.025305410122164033 0.04681664671300681
2 0.4384816753926701 0.07646718963124446 0.034031413612565516 0.07802774452167802
2 0.5266143106457243 0.05149831138430749 0.034031413612565446 0.04993775649387392
2 0.4899650959860384 0.06320247306255919 0.021815008726003525 0.04837720160344037
1 0.5924956369982548 0.9767495190274527 0.06806282722513089 0.04650096194509473
