3 0.31256432798696276 0.32794943820224726 0.06125632558538466 0.3693820224719102
3 0.43429164165022727 0.2457865168539326 0.04869092546530581 0.2471910112359551
3 0.4884799296680674 0.21137640449438203 0.05968565057037473 0.2317415730337079
3 0.5407048739171454 0.1678370786516854 0.05104693798782051 0.22612359550561797
0 0.7079817630156958 0.09480337078651686 0.02120411270263318 0.14466292134831463
3 0.23638658975898444 0.40449438202247195 0.09266982588558197 0.22191011235955052
2 0.49790397975812667 0.07514044943820224 0.03455485033021702 0.074438202247191
2 0.4393963354490093 0.08918539325842698 0.038481537867741625 0.07443820224719101
2 0.3985587850587528 0.11446629213483145 0.032198837807702246 0.08848314606741572
2 0.1426776436545122 0.5977614091773047 0.23155985242113653 0.4087075311718636
2 0.05497362552534522 0.3497191011235955 0.0518322754953255 0.10393258426966287
2 0.5933224869199758 0.03651685393258427 0.02591613774766273 0.07303370786516854
2 0.6569348250278754 0.046348314606741575 0.029057487777682526 0.058988764044943826
4 0.6290553435114503 0.6530898876404494 0.13821940132086794 0.41011235955056174
4 0.768845419847328 0.46629213483146065 0.0738217257054636 0.1882022471910112
4 0.5677990179260657 0.4810393258426966 0.0989525259456213 0.2991573033707865
4 0.6208092996826484 0.3574438202247191 0.04476423792778114 0.11376404494382018
4 0.828531070417703 0.21278089887640447 0.03612552534522692 0.11376404494382023
4 0.8799706771592759 0.24367977528089887 0.03691086285273187 0.08005617977528093
4 0.8870387147268204 0.18960674157303373 0.03219883780770218 0.06179775280898877
4 0.8450231580753065 0.16081460674157305 0.03455485033021688 0.04353932584269664
