3 0.3075916230366492 0.34332207589538327 0.06369982547993022 0.3245954172101805
3 0.4550610820244328 0.2161368523250481 0.04450261780104711 0.25437044714067036
3 0.5405759162303664 0.17712298006420912 0.04624781849912729 0.2418860080172019
3 0.5715532286212915 0.1833651996259433 0.031413612565445066 0.20443269064679637
3 0.5863874345549739 0.1646385409407406 0.02617801047120423 0.1763427026189923
3 0.6073298429319373 0.14357104991988753 0.033158813263525315 0.20287213575636284
0 0.6928446771378708 0.10377690021383178 0.03141361256544499 0.13888938524858688
0 0.7486910994764397 0.11001911977556598 0.033158813263525246 0.1295260559059855
2 0.6588132635253053 0.04525609182257325 0.031413612565445136 0.06554330539820953
2 0.5990401396160558 0.025749155692153747 0.034031413612565446 0.04525609182257325
2 0.5087260034904014 0.07256580240516054 0.04363001745200705 0.07334607985037733
2 0.4476439790575917 0.07880802196689479 0.027923211169284413 0.05774053094604172
2 0.12783595113438045 0.6195402915021233 0.10558464223385687 0.40886538129359273
2 0.08856893542757419 0.5461942116517461 0.10558464223385691 0.3870176128275229
1 0.9890924956369982 0.3565867924640683 0.021815008726003327 0.1638582634955238
4 0.6217277486910995 0.6437288923038436 0.14746945898778357 0.3323981916623483
4 0.7665794066317627 0.4549017505613828 0.08987783595113441 0.1857060319615937
4 0.6217277486910995 0.36985150903275377 0.060209424083769676 0.14044994013902037
4 0.5654450261780104 0.47362840924658556 0.08900523560209414 0.25749155692153747
4 0.8224258289703316 0.23096212378416694 0.04973821989528801 0.11548106189208351
4 0.8420593368237348 0.15761604393378958 0.0349040139616055 0.04993775649387397
4 0.8843804537521813 0.1833651996259433 0.02879581151832454 0.06398275050777595
4 0.8861256544502618 0.22081851699634883 0.03752181500872595 0.07646718963124446
