2 0.13089005235602094 0.6125177944951724 0.1273996509598604 0.401062606841425
2 0.08726003490401396 0.5391717146447951 0.10296684118673649 0.38857816771795656
3 0.2569808027923211 0.4026231617318585 0.08987783595113438 0.31211097808671207
3 0.45200698080279234 0.22003823955113197 0.07329842931937179 0.26529433137370523
3 0.5322862129144852 0.18258492218072653 0.04712041884816756 0.22159879444156555
3 0.5641361256544503 0.16853992816682445 0.025305410122164095 0.19662991619462847
3 0.5850785340314135 0.16619909583117415 0.0200698080279232 0.1888271417424608
3 0.6082024432809773 0.13030633335120229 0.027923211169284555 0.22003823955113197
2 0.6640488656195462 0.04759692415822359 0.024432809773123836 0.05774053094604173
2 0.4480802792321117 0.08114885430254513 0.028795811518324613 0.04681664671300681
0 0.6910994764397905 0.10533745510426532 0.022687609075043726 0.13576827546771975
0 0.7399650959860383 0.0990952355425311 0.026178010471204372 0.1264049461251184
1 0.9890924956369983 0.3495642954571175 0.021815008726003525 0.16853992816682453
4 0.6208551483420593 0.6437288923038436 0.13525305410122151 0.34176152100494983
4 0.7674520069808028 0.47831007391788616 0.07940663176265261 0.2387648982363347
4 0.5658813263525305 0.4884536807057044 0.08464223385689351 0.29026320962064217
4 0.6239092495636999 0.3534656826832014 0.04363001745200705 0.16697937327639095
4 0.8254799301919721 0.21457629743461454 0.04363001745200705 0.10455717765904854
4 0.8830715532286213 0.21457629743461454 0.024432809773123836 0.057740530946041736
4 0.882198952879581 0.16229770860509027 0.02094240837696347 0.04057442715127259
4 0.8490401396160558 0.15137382437205535 0.029668411867364738 0.046816646713006824
