2 0.8378220140515222 0.33087418372485233 0.03864168618266973 0.16334295145910432
2 0.9285714285714286 0.4690874503440943 0.04215456674473067 0.14658982823252945
2 0.4672131147540983 0.20313161912221947 0.04683840749414515 0.10470702016609251
2 0.1908665105386417 0.16648416206408712 0.03512880562060893 0.09004803734283957
2 0.2271662763466042 0.16334295145910432 0.03044496487119435 0.0879538969395177
3 0.38524590163934425 0.2889913756584154 0.05620608899297423 0.2722382524318406
3 0.6463700234192038 0.4711815907474163 0.05854800936768143 0.3895101150178641
0 0.7577576424925851 0.5134551510118182 0.1829812323365533 0.443704168165047
0 0.847669658340432 0.596392543924167 0.18266659478557173 0.39007951285513415
1 0.04976580796252927 0.24082614638201277 0.02927400468384074 0.1340249858125984
1 0.019320843091334895 0.27852067364180605 0.026932084309133488 0.14240154742588584
1 0.0696413312478329 0.509836687568225 0.13928266249566582 0.22732105722697368
4 0.08840749414519905 0.27747360344014516 0.045667447306791564 0.06491835250297733
4 0.06440281030444966 0.3340153943298351 0.035128805620608904 0.10680116056941437
4 0.13056206088992972 0.26804997162519684 0.019906323185011718 0.0712007737129429
4 0.14285714285714288 0.30365035848166827 0.028103044496487116 0.0963304585528051
4 0.2300936768149883 0.6230067699882504 0.09250585480093672 0.2617675504152313
4 0.07407639714652416 0.7094066852200237 0.0956417906732188 0.2545836764814718
4 0.12587822014051522 0.797867493665624 0.06674473067915691 0.26804997162519645
