1 0.2569808027923211 0.9088653812935928 0.14048865619546244 0.1822692374128144
1 0.5484293193717278 0.9322737046500962 0.11082024432809767 0.13545259069980758
1 0.6016579406631763 0.7662324512028781 0.08638743455497383 0.3745331737040544
1 0.4467713787085515 0.8019673712988938 0.14485165794066318 0.3960652574022122
1 0.48691099476439786 0.5844278064673684 0.10645724258289696 0.33551930144321546
1 0.32940663176265267 0.720038239551132 0.13176265270506107 0.559923520897736
1 0.36474694589877843 0.46114397012311703 0.07155322862129147 0.23564378845546755
1 0.3280977312390925 0.34878401801190073 0.0558464223385689 0.1638582634955238
3 0.25392670157068065 0.38077539326578874 0.08027923211169288 0.27465766071630665
3 0.20418848167539266 0.3066490359701946 0.059336823734729476 0.23876489823633473
3 0.281413612565445 0.21691712977026484 0.05322862129144852 0.2028721357563628
3 0.33726003490401396 0.2083340778728803 0.054973821989528805 0.22003823955113197
3 0.3896160558464223 0.2816801577232576 0.04973821989528794 0.33551930144321546
3 0.42713787085514837 0.25046905991458646 0.053228621291448446 0.27621821560674015
3 0.4550610820244328 0.21379601998939776 0.035776614310645695 0.26529433137370523
3 0.49956369982548 0.20599324553722995 0.042757417102966926 0.2434465629076354
3 0.5676265270506109 0.17088076050247486 0.025305410122164033 0.21691712977026487
3 0.606893542757417 0.14201049502945398 0.02879581151832454 0.1997510259754957
2 0.09773123909249563 0.5259069980761099 0.09947643979057591 0.3464431856762504
2 0.1461605584642234 0.18648630940681044 0.0305410122164049 0.0702249700695102
2 0.47033158813263526 0.06086164072690885 0.029668411867364738 0.043695536932139685
2 0.39790575916230364 0.09285301598079684 0.020942408376963328 0.045256091822573244
2 0.5261780104712043 0.06476302795299275 0.036649214659685826 0.07334607985037733
2 0.6339441535776614 0.045256091822573244 0.02705061082024443 0.06866441517907665
2 0.6653577661431064 0.0468166467130068 0.02006980802792313 0.062422195617342406
0 0.6849912739965097 0.10455717765904854 0.015706806282722568 0.1342077205772862
0 0.7015706806282722 0.10611773254948208 0.015706806282722426 0.13420772057728617
1 0.7399650959860383 0.16073715371465672 0.031413612565445136 0.17166103794769164
0 0.7190226876090751 0.09597412576166395 0.019197207678883076 0.12328383634425126
1 0.7905759162303664 0.48689312581527083 0.08202443280977306 0.40262316173185864
1 0.8132635253054101 0.25280989225023676 0.04363001745200705 0.08739107386427936
4 0.837696335078534 0.1927285289685447 0.03839441535776629 0.042134982041706126
4 0.8848167539267016 0.2325226786746005 0.029668411867364738 0.0905121836451465
4 0.9934554973821988 0.3643895669162363 0.013089005235602115 0.12952605590598548
