0 0.7070786248820653 0.09269662921348316 0.019869038939874743 0.15449438202247193
3 0.2453394373445407 0.4063202247191012 0.103664550990651 0.26264044943820225
3 0.3658494778711725 0.2742275280898877 0.07688454198473281 0.3352528089887641
3 0.44878111866369336 0.25414325842696633 0.054423889270091834 0.2796348314606742
3 0.48851919654344284 0.21938202247191016 0.04405743417102663 0.25337078651685396
3 0.5446708283300455 0.1699438202247191 0.045785176687537545 0.2502808988764045
2 0.40213207071790036 0.11200842696629215 0.028507751522429032 0.07570224719101126
2 0.4518046680675873 0.08497191011235955 0.027643880264173575 0.07106741573033708
2 0.4919746815764646 0.0594803370786517 0.025052266489407345 0.0726123595505618
2 0.5947753613088601 0.037851123595505624 0.037146464104983325 0.07570224719101125
2 0.6565421562741229 0.049438202247191004 0.02937162278068442 0.0648876404494382
2 0.06910970066043401 0.4951544943820225 0.05874324556136891 0.369241573033708
2 0.13303617377133542 0.6094803370786517 0.08120389827600995 0.434129213483146
4 0.6345134391886097 0.607935393258427 0.11316713483146067 0.31671348314606745
4 0.766253806072562 0.4712078651685394 0.06738195814392327 0.18539325842696633
4 0.6276024691225662 0.3576544943820225 0.050968404237070074 0.13441011235955053
4 0.5610843822368986 0.4997893258426967 0.09243422463333047 0.3259831460674158
4 0.8258609228921864 0.21165730337078653 0.03455485033021702 0.08651685393258425
4 0.8802848121622782 0.21783707865168545 0.031099365297195192 0.0648876404494382
4 0.8794209409040227 0.17535112359550564 0.02591613774766273 0.057162921348314626
4 0.844434154944678 0.15990168539325844 0.033690979071961634 0.06952247191011236
