3 0.2731239092495637 0.38857816771795656 0.06108202443280974 0.3589276247997189
3 0.45026178010471196 0.22940156889373337 0.045375218150087236 0.27777877049717375
3 0.543630017452007 0.18258492218072658 0.04363001745200698 0.259052111811971
3 0.5650087260034904 0.1771229800642091 0.02705061082024443 0.2013115808659293
3 0.5855148342059338 0.16229770860509027 0.019197207678883076 0.1997510259754957
3 0.6121291448516579 0.14591188225553786 0.039267015706806276 0.20443269064679637
0 0.6919720767888308 0.10689800999469888 0.029668411867364738 0.13888938524858688
0 0.7399650959860383 0.09831495809731429 0.031413612565445136 0.12796550101555193
2 0.6579406631762653 0.04525609182257325 0.02617801047120423 0.05930108583647529
2 0.5139616055846423 0.06164191817212563 0.031413612565445066 0.0671038602886431
2 0.44938917975567194 0.08114885430254513 0.033158813263525315 0.06242219561734242
2 0.13045375218150088 0.6179797366116898 0.12827225130890052 0.415107600855327
2 0.0868237347294939 0.5469744890969629 0.11256544502617802 0.3979414970605578
4 0.6160558464223386 0.6484105569751444 0.13787085514834202 0.35424596012841825
4 0.7635253054101221 0.4580228603422499 0.09424083769633498 0.18258492218072653
4 0.6252181500872601 0.37609372859448803 0.04450261780104718 0.1466921597007547
4 0.5593368237347295 0.4837720160344037 0.09249563699825479 0.29338431940150933
4 0.8254799301919721 0.2278410140032998 0.040139616055846546 0.13420772057728617
4 0.8420593368237348 0.15449493415292245 0.027923211169284486 0.05305886627474107
4 0.8852530541012217 0.1857060319615937 0.025305410122164033 0.053058866274741094
4 0.8769633507853404 0.2364240659006844 0.03490401396160564 0.07646718963124446
1 0.9899650959860382 0.35034457290233445 0.020069808027923002 0.16073715371465666
