1 0.40183246073298434 0.724097469161172 0.10907504363001742 0.5024986747196065
3 0.3075916230366492 0.4868931258152708 0.07940663176265275 0.3745331737040544
3 0.349912739965096 0.30118709385367715 0.07678883071553226 0.32771652699104764
3 0.43019197207678883 0.2325226786746005 0.05235602094240839 0.2933843194015093
3 0.4738219895287958 0.2325226786746005 0.0558464223385689 0.25280989225023676
3 0.5056719022687609 0.2153565748798313 0.03054101221640494 0.24032545312676828
3 0.5541012216404887 0.17946381239985945 0.04886561954624782 0.24968878246936968
2 0.13394415357766143 0.6218811238377738 0.12827225130890052 0.41042593618402634
2 0.07897033158813263 0.5563378184395643 0.09336823734729492 0.3823359481562222
2 0.46989528795811514 0.06944469262429344 0.03228621291448519 0.06398275050777597
2 0.5043630017452007 0.05696025350082495 0.029668411867364738 0.0671038602886431
2 0.5990401396160558 0.04369553693213968 0.028795811518324683 0.08114885430254512
2 0.6592495636998253 0.0468166467130068 0.03577661431064584 0.05930108583647529
4 0.5719895287958114 0.47596924158223586 0.07068062827225134 0.24032545312676837
4 0.618237347294939 0.3721923413684041 0.0514834205933682 0.16697937327639092
4 0.6204188481675393 0.6468500020847108 0.14834205933682376 0.3386404112240826
4 0.7613438045375218 0.46582563479441774 0.0776614310645725 0.15449493415292254
4 0.8294066317626527 0.20521296809201317 0.03228621291448519 0.08895162875471296
4 0.8782722513089005 0.23330295611981725 0.02356020942408378 0.06086164072690885
4 0.887434554973822 0.17946381239985942 0.019197207678883076 0.04369553693213971
4 0.8499127399650959 0.15215410181727212 0.027923211169284486 0.042134982041706105
1 0.987783595113438 0.3402009661145161 0.024432809773123836 0.14357104991988748
