1 0.4892652671755725 0.4016853932584269 0.06596835063041433 0.37921348314606734
1 0.8132169890213566 0.15519662921348312 0.019633437687623285 0.12500000000000003
3 0.39109807873745595 0.25 0.06439767561540442 0.28932584269662925
3 0.3306270906595762 0.25210674157303375 0.06125632558538463 0.1924157303370787
3 0.37931801612488203 0.541432584269663 0.09738185093061148 0.4058988764044944
3 0.2799728214255081 0.3995786516853933 0.10287921348314605 0.28230337078651685
3 0.2505226648940732 0.336376404494382 0.0314135003001973 0.2233146067415731
2 0.13703206584462896 0.5869604164136111 0.1973163440451169 0.41069392428777474
2 0.05890031306286987 0.34620786516853935 0.04712025045029589 0.07724719101123596
2 0.4409670104640192 0.08707865168539326 0.03062816279269235 0.07865168539325844
2 0.5446315614546703 0.04634831460674157 0.02277478771764301 0.06741573033707865
2 0.666751543871687 0.05337078651685394 0.018848100180118336 0.04775280898876406
4 0.632982031048975 0.6313202247191011 0.10837657603568061 0.3441011235955056
4 0.769630757354833 0.48455056179775285 0.07696307573548339 0.23033707865168548
4 0.6192386246676387 0.33146067415730335 0.04947626297281062 0.09269662921348314
4 0.5815424243074019 0.47120786516853935 0.08560178831803754 0.223314606741573
4 0.8862533772193154 0.17696629213483145 0.01806276267261353 0.03932584269662923
4 0.8438451518140491 0.15308988764044945 0.02120411270263318 0.05337078651685394
4 0.8304944141864652 0.21207865168539328 0.03062816279269228 0.09550561797752805
4 0.885860708465563 0.22542134831460672 0.02513080024015778 0.051966292134831456
0 0.7056257504931811 0.09199438202247193 0.029057487777682526 0.13904494382022473
