4 0.22892271662763464 0.6219596997865895 0.094847775175644 0.24710856759197838
4 0.08313817330210772 0.7214313689443773 0.05620608899297424 0.24501442718865646
4 0.1364168618266979 0.794726283060642 0.07142857142857147 0.2743323928351622
1 0.12279213190428133 0.5375091573881084 0.1285013913694699 0.30585078128438425
1 0.16738913832360283 0.4560350880086748 0.1420027269449395 0.2725372056049362
4 0.06791569086651054 0.335062464531496 0.03278688524590164 0.10889530097273621
4 0.09016393442622951 0.265955831221875 0.037470725995316166 0.0712007737129429
4 0.12060889929742387 0.2722382524318405 0.021077283372365353 0.07538905451958659
4 0.14285714285714282 0.2921325862633981 0.02810304449648711 0.08167147572955208
2 0.18266978922716626 0.18428435549232283 0.025761124121779846 0.1005187393594488
2 0.2224824355971897 0.1622958812574434 0.025761124121779843 0.09004803734283956
2 0.8348946135831382 0.34972144735474897 0.0398126463700234 0.1884726362989665
3 0.3085480093676815 0.25234391860028293 0.04332552693208431 0.1947550575089321
3 0.4666276346604215 0.3916042554211859 0.08313817330210775 0.35181558775807076
3 0.6574941451990634 0.4460519059075541 0.0644028103044495 0.3518155877580708
0 0.7593170478476408 0.519230284955413 0.14729270305464554 0.4032378749697622
0 0.8484350758888443 0.5833235011947038 0.20495120996013824 0.44506245708604475
2 0.4314988290398126 0.1874255660973056 0.03395784543325526 0.07748319492290846
