2 0.17045343050533454 0.6382001620749749 0.2256880279168962 0.4825040976172465
2 0.07591623036649214 0.5610194831108649 0.09249563699825479 0.4166681557457605
2 0.47600349040139617 0.08426996408341225 0.028795811518324613 0.078027744521678
2 0.5013089005235603 0.0671038602886431 0.025305410122164033 0.08739107386427937
2 0.6575043630017453 0.049157479048657145 0.02356020942408378 0.06086164072690885
2 0.5924956369982547 0.03355193014432155 0.03490401396160557 0.0671038602886431
3 0.2840314136125654 0.337079856333649 0.07417102966841177 0.3558065150188517
3 0.43324607329842935 0.23954517568155148 0.05322862129144852 0.31055042319627846
3 0.47033158813263526 0.23954517568155148 0.04886561954624782 0.24812822757893607
3 0.5047993019197208 0.20521296809201317 0.03054101221640494 0.2325226786746005
3 0.5493019197207678 0.16775965072160773 0.04450261780104711 0.2574915569215374
1 0.9856020942408378 0.330057359326698 0.02879581151832454 0.15449493415292254
4 0.5636998254799301 0.4806509062535366 0.08202443280977313 0.2808998802780409
4 0.6212914485165794 0.3721923413684041 0.054101221640488646 0.1857060319615937
4 0.7661431064572427 0.4541214731161661 0.06457242582897038 0.1747821477285587
4 0.6239092495636998 0.6632358284342631 0.15881326352530536 0.3682909541423202
4 0.8276614310645724 0.21067491020853063 0.03752181500872595 0.11860217167295058
4 0.8826352530541012 0.23720434334590115 0.035776614310645695 0.06866441517907668
4 0.8869982547993018 0.18024408984507623 0.02356020942408378 0.057740530946041736
4 0.8499127399650961 0.149032992036405 0.03664921465968576 0.05774053094604172
