0 0.76720048385137 0.5253503096879414 0.15363844567453697 0.45347295383431613
0 0.8623376301213713 0.6147684092837133 0.15930752904753676 0.37902923344526135
2 0.9262295081967212 0.4544284675208415 0.03044496487119446 0.12983670500595473
2 0.8360655737704918 0.3413448857414616 0.03981264637002351 0.17171951307239175
2 0.4350117096018735 0.18114314488734004 0.03864168618266973 0.10680116056941434
2 0.4701405152224825 0.19580212771059297 0.03629976580796246 0.09004803734283956
2 0.22423887587822017 0.16124881105578248 0.02927400468384075 0.0879538969395177
2 0.19203747072599534 0.1706724428707308 0.028103044496487116 0.09423631814948326
1 0.07728337236533958 0.22302595295377703 0.028103044496487123 0.07748319492290846
4 0.1288056206088993 0.2628146206168922 0.025761124121779843 0.06491835250297733
4 0.1451990632318501 0.3057444988849901 0.028103044496487133 0.10889530097273617
4 0.06440281030444965 0.3329683241281742 0.030444964871194385 0.1130835817793799
4 0.09074941451990631 0.2848030948517716 0.040983606557377046 0.050259369679724324
4 0.22248243559718972 0.6240538401899114 0.0889929742388759 0.2512968483986221
4 0.07502738021761218 0.7123015215517507 0.08879773149360996 0.2560814273084198
4 0.1288056206088993 0.8010087042706076 0.0655737704918033 0.2743323928351624
3 0.6463700234192038 0.46385209933578975 0.0608899297423887 0.41254565945440447
3 0.3870023419203747 0.2921325862633981 0.04566744730679154 0.24920270799530023
1 0.09450043894011795 0.497961783019682 0.10987396125017966 0.24182072232509852
