1 0.7447643979057594 0.18180464473550978 0.04624781849912736 0.19506936130419505
0 0.6767015706806282 0.11079939722078277 0.020069808027923273 0.14669215970075467
0 0.6976439790575916 0.10611773254948209 0.016579406631762623 0.1373288303581533
0 0.7181500872600348 0.10845856488513245 0.019197207678882933 0.1295260559059855
3 0.3407504363001746 0.29182376451107556 0.07417102966841183 0.31211097808671195
3 0.4598603839441536 0.22237907188678235 0.03839441535776615 0.27309710582587304
3 0.49869109947643975 0.2005313034207125 0.047993019197207686 0.2512493373598032
3 0.5318499127399652 0.19819047108506216 0.03228621291448512 0.2153565748798313
3 0.5532286212914486 0.1724413153929084 0.02966841186736481 0.2044326906467964
3 0.5846422338568935 0.15371465670770568 0.033158813263525315 0.19506936130419505
3 0.6138743455497382 0.142010495029454 0.02705061082024429 0.1935088064137615
3 0.2787958115183246 0.4619242475683339 0.10383944153577662 0.38077539326578874
3 0.2526178010471204 0.3417615210049497 0.06719022687609076 0.26529433137370523
3 0.28097731239092494 0.26919571859978914 0.04886561954624785 0.1888271417424608
4 0.7718150087260034 0.4666059122396345 0.09162303664921467 0.20911435531809702
4 0.8246073298429321 0.2278410140032998 0.0418848167539268 0.0998755129877479
4 0.8891797556719022 0.23720434334590115 0.020942408376963328 0.049937756493873914
4 0.837696335078534 0.1373288303581533 0.022687609075043583 0.08739107386427937
4 0.881326352530541 0.2005313034207125 0.015706806282722568 0.032771652699104765
4 0.9890924956369983 0.3558065150188517 0.021815008726003525 0.131086610796419
4 0.8115183246073299 0.9728481318013686 0.14485165794066318 0.054303736397262554
