1 0.5488656195462478 0.876093728594488 0.15881326352530536 0.2478125428110239
1 0.35951134380453753 0.9018428842866417 0.1308900523560209 0.1963142314267165
1 0.4432809773123909 0.699128590914235 0.10296684118673653 0.2965054291823764
1 0.3106457242582897 0.6796216547838153 0.13089005235602097 0.3480037405666839
1 0.32460732984293195 0.4619242475683339 0.06108202443280973 0.12796550101555204
1 0.36561954624781845 0.4166681557457606 0.07155322862129147 0.20911435531809708
1 0.331151832460733 0.32537569465539734 0.046247818499127395 0.11079939722078279
3 0.26483420593368234 0.3901387226083901 0.08115183246073304 0.2871420998397751
3 0.2020069808027923 0.30040681640846034 0.054973821989528805 0.26373377648327173
3 0.28883071553228623 0.21925796210591522 0.04537521815008727 0.16385826349552385
3 0.3551483420593368 0.21145518765374738 0.05235602094240839 0.18258492218072653
3 0.3996509598603839 0.2738773832710898 0.045375218150087236 0.2949448742919429
3 0.43150087260034903 0.24188600801720184 0.03228621291448519 0.2715365509354395
3 0.47643979057591623 0.22940156889373334 0.04363001745200705 0.24032545312676828
3 0.5026178010471205 0.1927285289685447 0.03839441535776622 0.21379601998939776
3 0.5484293193717278 0.16073715371465672 0.035776614310645695 0.22471990422243265
3 0.6103839441535777 0.1373288303581533 0.02356020942408385 0.17166103794769164
0 0.6583769633507853 0.12796550101555193 0.02356020942408378 0.16229770860509027
0 0.6801919720767887 0.11548106189208347 0.02006980802792313 0.1498132694816218
0 0.6989528795811517 0.10611773254948208 0.019197207678883076 0.14357104991988753
0 0.7137870855148342 0.09987551298774786 0.015706806282722568 0.12484439123468484
0 0.7308027923211169 0.10455717765904854 0.01832460732984288 0.13108661079641906
2 0.6409249563699825 0.031211097808671203 0.016579406631762696 0.0468166467130068
2 0.6636125654450262 0.035112485034755114 0.014834205933682511 0.03589276247997189
2 0.47818499127399655 0.08583051897384582 0.027923211169284486 0.06554330539820953
2 0.39659685863874344 0.09597412576166395 0.027050610820244358 0.05461942116517461
1 0.8080279232111692 0.48143118369875326 0.06631762652705049 0.39169927749882355
2 0.8337696335078533 0.20365241320157965 0.03577661431064584 0.12640494612511838
4 0.8817626527050613 0.23018184633895014 0.02530541012216405 0.08270940919297877
4 0.9943280977312391 0.3511248503475511 0.011343804537521863 0.1342077205772862
