0 0.8803722956856235 0.6573882581650901 0.14758556996090505 0.40008446657761904
0 0.8316388631359013 0.6151830983624784 0.14922944759879514 0.3878753288905423
0 0.7810427396279712 0.5559203796100595 0.16737926154760457 0.36171703679654654
2 0.8348946135831382 0.3172622711032603 0.05620608899297423 0.1654370918624261
2 0.9233021077283374 0.43243999328596205 0.05269320843091336 0.0942363181494833
2 0.5468384074941451 0.19894333831557576 0.03747072599531613 0.07957733532623029
2 0.5052693208430914 0.20627282972720223 0.04098360655737714 0.09423631814948327
2 0.2230679156908665 0.1622958812574434 0.029274004683840716 0.09423631814948327
2 0.1908665105386417 0.167531232265748 0.032786885245901655 0.09214217774616142
4 0.0860655737704918 0.265955831221875 0.04098360655737704 0.0712007737129429
4 0.0661592505854801 0.335062464531496 0.04566744730679158 0.11727186258602358
4 0.12997658079625293 0.2670029014235359 0.021077283372365335 0.07329491411626474
4 0.14402810304449648 0.29108551606173716 0.0281030444964871 0.07538905451958658
4 0.22716627634660422 0.6240538401899113 0.09367681498829043 0.25548512920526567
4 0.08269089954552285 0.7082461633287813 0.07401310969468634 0.2422849300414191
4 0.1282201405152224 0.7978674936656247 0.07142857142857134 0.28480309485177197
3 0.37997658079625296 0.2837560246501107 0.05269320843091336 0.2910855160617371
3 0.4519906323185012 0.3287800433215305 0.053864168618266955 0.293179656465059
3 0.6496304741491425 0.4129323845799617 0.1440377601326766 0.39945384395366146
