0 0.7927400468384076 0.559135487686934 0.07962529274004694 0.4230163614710137
0 0.8419203747072601 0.6083477871649972 0.06791569086651052 0.38741597461454214
2 0.9180327868852458 0.4586167483274852 0.06323185011709612 0.20941404033218503
2 0.8319672131147542 0.32668590291820865 0.0644028103044495 0.18428435549232286
2 0.522248243559719 0.2041786893238804 0.044496487119438016 0.1277425646026329
2 0.46545667447306793 0.20417868932388036 0.03629976580796256 0.11517772218270181
2 0.24414519906323184 0.15601346004747785 0.03629976580796253 0.10680116056941438
3 0.1762295081967213 0.22930837416374242 0.045667447306791537 0.17800193428235717
4 0.2300936768149883 0.6135831381733021 0.1135831381733021 0.26386169081855315
4 0.08138173302107728 0.7099135967261073 0.08782201405152223 0.25967341001190936
4 0.12997658079625293 0.8051969850772513 0.06791569086651053 0.2994620776750246
4 0.06323185011709602 0.3287800433215305 0.03981264637002342 0.1340249858125984
4 0.08665105386416862 0.2670029014235359 0.04683840749414519 0.09842459895612694
4 0.13173302107728335 0.26072048021357036 0.029274004683840733 0.11098944137605805
4 0.15281030444964872 0.3099327796916338 0.03864168618266976 0.10470702016609248
3 0.33430913348946134 0.2628146206168922 0.06440281030444965 0.24920270799530023
3 0.3899297423887587 0.2764265332384842 0.03747072599531613 0.3015562180783464
3 0.4326697892271663 0.3423919559431225 0.04800936768149889 0.2952737968683809
