1 0.2835951134380454 0.8745331737040545 0.16055846422338568 0.250933652591891
1 0.5920593368237347 0.8292770818814812 0.13176265270506116 0.34144583623703767
1 0.4506980802792321 0.7715365509354395 0.1300174520069808 0.456926898129121
1 0.600349040139616 0.5953516907004033 0.08551483420593357 0.23564378845546763
1 0.4799301919720768 0.5259069980761099 0.09249563699825472 0.2153565748798313
1 0.33551483420593364 0.6499711118655779 0.11954624781849912 0.5415125469804455
1 0.3987783595113439 0.4299328723144458 0.08202443280977313 0.2824604351684743
1 0.32024432809773123 0.316012365312796 0.0401396160558464 0.10767828743991562
3 0.2569808027923211 0.38623733538230615 0.07242582897033156 0.3043082036345442
3 0.20113438045375218 0.32849680443626444 0.05846422338568935 0.2918237645110758
3 0.2783595113438045 0.2169171297702649 0.05235602094240839 0.17166103794769164
3 0.3398778359511344 0.2098946327633139 0.05322862129144852 0.19506936130419508
3 0.4035776614310646 0.2044326906467964 0.04101221640488653 0.2153565748798313
3 0.44197207678883077 0.24968878246936968 0.04450261780104718 0.2996265389632436
3 0.49214659685863876 0.21379601998939776 0.027923211169284555 0.2559310020311039
3 0.46116928446771377 0.19116797407811112 0.021815008726003525 0.22003823955113203
3 0.5541012216404886 0.18726658685202724 0.02966841186736481 0.2247199042224327
3 0.6391797556719022 0.1287457784607687 0.025305410122164106 0.18258492218072653
2 0.09642233856893542 0.5126422815074246 0.07591623036649214 0.3573670699092854
2 0.4524432809773124 0.035112485034755114 0.021815008726003525 0.04213498204170613
2 0.4952006980802793 0.055399698610391394 0.027050610820244358 0.060861640726908854
2 0.4410994764397905 0.07880802196689479 0.01832460732984288 0.032771652699104765
2 0.4144851657940663 0.09597412576166395 0.022687609075043653 0.04837720160344037
0 0.6841186736474694 0.10845856488513245 0.017452006980802962 0.12328383634425126
0 0.6980802792321117 0.10377690021383174 0.012216404886561918 0.13888938524858685
0 0.7094240837696336 0.09441357087123038 0.015706806282722568 0.13888938524858685
0 0.7421465968586386 0.12016272656338414 0.021815008726003525 0.11548106189208344
2 0.662739965095986 0.04525609182257325 0.01832460732984288 0.04057442715127257
1 0.8773996509598604 0.41042593618402634 0.081151832460733 0.26841544115457244
4 0.8267888307155323 0.22081851699634875 0.039267015706806345 0.10455717765904854
4 0.8734729493891797 0.21145518765374743 0.024432809773123978 0.0577405309460417
4 0.9904013961605587 0.35814734735450215 0.01919720767888309 0.16073715371465652
1 0.8176265270506107 0.9463186986639982 0.09249563699825486 0.10736260267200351
