1 0.2849040139616056 0.876093728594488 0.1492146596858639 0.2478125428110239
1 0.6082024432809773 0.8362995788884322 0.15706806282722505 0.3274008422231354
1 0.8206806282722513 0.9556820280065996 0.11256544502617785 0.08863594398680079
1 0.599476439790576 0.632024730625592 0.11343804537521822 0.3745331737040545
1 0.43717277486911 0.7504690599145863 0.10994764397905761 0.4990618801708274
1 0.4768760907504363 0.6460697246394941 0.08289703315881326 0.4744086866918023
1 0.3381326352530541 0.6218811238377738 0.10209424083769633 0.5383914371995783
1 0.40532286212914487 0.42603148508836197 0.06719022687609069 0.2621732215928382
1 0.3237347294938918 0.3386404112240826 0.06282722513089006 0.15605548904335606
3 0.24389179755671905 0.3815556707110055 0.08464223385689355 0.2637337764832716
3 0.19458987783595114 0.3136715329771456 0.0663176265270506 0.25593100203110386
3 0.2491273996509599 0.21847768466069845 0.039267015706806276 0.08739107386427936
3 0.3032286212914485 0.19428908385897828 0.058464223385689316 0.1451316048103211
3 0.3507853403141361 0.20599324553722995 0.041884816753926725 0.1872665868520272
3 0.4031413612565445 0.2067735229824467 0.04712041884816756 0.19819047108506216
3 0.4367364746945899 0.2426662854624186 0.05322862129144852 0.2793393253876073
3 0.4629144851657941 0.23720434334590115 0.039267015706806276 0.259052111811971
3 0.4943280977312391 0.21925796210591522 0.039267015706806276 0.2512493373598032
3 0.5222513089005235 0.18414547707116014 0.034031413612565446 0.21223546509896424
2 0.09380453752181502 0.522005610850026 0.09162303664921467 0.3698515090327538
2 0.43717277486910994 0.046036369267790034 0.020942408376963328 0.03901387226083901
2 0.49869109947643975 0.06242219561734242 0.028795811518324613 0.06866441517907665
2 0.4389179755671902 0.08114885430254513 0.03490401396160564 0.04057442715127256
2 0.6400523560209425 0.042134982041706126 0.018324607329842948 0.062422195617342406
0 0.6657940663176265 0.11782189422773381 0.017452006980802678 0.14825271459118824
0 0.6863001745200699 0.10767828743991564 0.014834205933682369 0.13108661079641906
0 0.6972076788830716 0.10299662276861497 0.013961605584642314 0.1404499401390204
0 0.7417102966841188 0.11470078444686667 0.02094240837696347 0.1139205070016499
0 0.7133507853403142 0.09129246109036326 0.014834205933682369 0.1295260559059855
4 0.8267888307155323 0.2278410140032998 0.0410122164048866 0.10611773254948212
4 0.8752181500872601 0.21457629743461454 0.033158813263525246 0.07022497006951024
4 0.987783595113438 0.3604881796901524 0.024432809773123836 0.12172328145381765
1 0.9808027923211169 0.6054952974882214 0.03839441535776615 0.2621732215928381
