1 0.5401396160558464 0.86595012180667 0.12041884816753928 0.26809975638666017
1 0.3678010471204189 0.876093728594488 0.15445026178010474 0.2478125428110239
1 0.47687609075043624 0.6780610998933819 0.10383944153577658 0.38857816771795656
1 0.3237347294938918 0.6164191817212563 0.14136125654450257 0.34644318567625043
1 0.1348167539267016 0.9353948144309634 0.13525305410122168 0.1292103711380733
1 0.35907504363001747 0.4689467445752848 0.081151832460733 0.21067491020853063
1 0.3730366492146597 0.39247955494404047 0.0776614310645725 0.16697937327639095
1 0.3337696335078534 0.34098124355973297 0.06893542757417105 0.14513160481032109
3 0.26483420593368234 0.35970790224493565 0.10558464223385691 0.25124933735980315
3 0.22382198952879584 0.29962653896324354 0.05148342059336823 0.1654188183859574
3 0.19808027923211172 0.27153655093543955 0.05933682373472951 0.24344656290763544
3 0.2844677137870855 0.2067735229824467 0.06631762652705063 0.16073715371465672
3 0.35340314136125656 0.22237907188678235 0.05759162303664923 0.18882714174246082
3 0.4040139616055846 0.2621732215928381 0.05061082024432814 0.2777787704971737
3 0.4363001745200698 0.245007117798069 0.033158813263525315 0.2621732215928381
3 0.4799301919720767 0.2278410140032998 0.045375218150087236 0.26529433137370523
3 0.5178883071553229 0.19116797407811112 0.035776614310645695 0.22940156889373334
3 0.5519197207678883 0.15527521159813923 0.039267015706806206 0.21067491020853063
3 0.612565445026178 0.13888938524858685 0.029668411867364738 0.17478214772855874
0 0.6553228621291448 0.11938244911816735 0.020942408376963328 0.15137382437205535
0 0.6784467713787086 0.10923884233034922 0.02705061082024443 0.1404499401390204
0 0.6976439790575916 0.09597412576166395 0.01832460732984302 0.14513160481032109
0 0.719458987783595 0.09909523554253108 0.016579406631762623 0.13264716568685261
2 0.7482547993019196 0.09675440320688075 0.021815008726003525 0.10611773254948212
2 0.7417102966841188 0.2816801577232576 0.04886561954624782 0.23252267867460044
1 0.7993019197207678 0.4681664671300681 0.10471204188481678 0.25593100203110397
4 0.8263525305410121 0.22315934933199913 0.0418848167539268 0.10299662276861497
4 0.8795811518324607 0.21925796210591522 0.03141361256544499 0.0702249700695102
4 0.9934554973821988 0.34098124355973297 0.013089005235602115 0.10455717765904854
2 0.6387434554973822 0.03823359481562223 0.0209424083769634 0.05461942116517461
2 0.4057591623036649 0.09753468065209753 0.03141361256544499 0.051498311384307494
2 0.47469458987783597 0.07412635729559411 0.027923211169284486 0.04525609182257325
2 0.544066317626527 0.04057442715127257 0.03054101221640494 0.0436955369321397
2 0.6644851657940662 0.03745331737040544 0.013089005235602115 0.028089988027804078
