2 0.43793911007025765 0.18847263629896652 0.032786885245901655 0.06701249290629921
2 0.2230679156908665 0.16020174085412153 0.022248243559718973 0.09842459895612699
2 0.8337236533957845 0.32563883271654764 0.049180327868852486 0.17800193428235725
2 0.9344262295081966 0.45966381852914606 0.03044496487119446 0.11517772218270189
0 0.8189222877944116 0.5810695695978245 0.14645907182436801 0.35391914166300076
0 0.8696477065014152 0.6206597989203767 0.16447930176636164 0.3992744588341981
3 0.5556206088992974 0.4261575720759966 0.07845433255269325 0.3622862897746801
3 0.6403578541174139 0.43298101610317674 0.1521446035241091 0.3705737479885612
2 0.7025761124121779 0.2732853226335015 0.023419203747072313 0.14449568782920771
3 0.30854800936768145 0.24920270799530012 0.05035128805620606 0.23035544436540342
3 0.2511709601873537 0.21674353174381145 0.03395784543325529 0.18637849589564465
4 0.06147540983606557 0.3371566049348179 0.040983606557377046 0.1382132666192421
4 0.08723653395784543 0.2764265332384842 0.03629976580796254 0.0795773353262303
4 0.12412177985948478 0.2806148140451279 0.03278688524590164 0.0712007737129429
4 0.1434426229508197 0.3005091478766855 0.031615925058548024 0.10680116056941437
4 0.22833723653395782 0.6188184891816068 0.0983606557377049 0.23663786557536903
4 0.08840749414519905 0.7004899649111589 0.08313817330210771 0.24501442718865654
4 0.12529274004683838 0.810432336085556 0.07728337236533954 0.30574449888499017
