3 0.4537470725995316 0.3497214473547489 0.06206088992974267 0.32249762211156496
3 0.3946135831381733 0.2848030948517716 0.0608899297423887 0.3099327796916338
3 0.34718969555035123 0.2764265332384841 0.038641686182669784 0.2554851292052656
3 0.21194379391100704 0.20731989992886318 0.0351288056206089 0.18009607468567915
2 0.24121779859484785 0.16648416206408703 0.021077283372365373 0.09842459895612682
4 0.06440281030444965 0.335062464531496 0.03981264637002342 0.11727186258602358
4 0.08899297423887587 0.2753794630368233 0.03981264637002343 0.06910663330962102
4 0.12939110070257612 0.2670029014235359 0.022248243559718953 0.09842459895612694
4 0.13934426229508198 0.3026032882800073 0.03512880562060891 0.11936600298934544
4 0.23360655737704916 0.6271950507948941 0.1182669789227166 0.25339098880194394
4 0.07845433255269323 0.712007737129429 0.07728337236533958 0.25129684839862215
4 0.12822014051522246 0.7832085108423711 0.08313817330210767 0.3099327796916337
2 0.82903981264637 0.34972144735474897 0.05620608899297423 0.22616716355875982
2 0.9361826697892272 0.4523343271175196 0.026932084309133585 0.10889530097273628
0 0.8897965279905717 0.6248465681200688 0.13096777749441857 0.387611646280406
0 0.8190042135489624 0.5707043703870531 0.1682024364465954 0.3559403751239178
