0 0.7054973821989529 0.0897319061999297 0.02705061082024429 0.13888938524858685
3 0.4035776614310646 0.26529433137370523 0.051483420593368266 0.31211097808671207
3 0.4476439790575916 0.2434465629076354 0.06631762652705063 0.259052111811971
3 0.48691099476439786 0.21769740721548167 0.050610820244328066 0.2356437884554676
3 0.5475567190226878 0.17010048305725806 0.04275741710296679 0.25280989225023676
2 0.49825479930191974 0.06788413773385987 0.033158813263525315 0.06398275050777597
2 0.6012216404886561 0.042134982041706126 0.03490401396160557 0.07490663474081088
2 0.6583769633507853 0.04993775649387393 0.03054101221640494 0.04993775649387393
2 0.39790575916230364 0.10377690021383178 0.03141361256544499 0.0514983113843075
2 0.13830715532286214 0.6125177944951724 0.09511343804537525 0.44787925355443187
2 0.0706806282722513 0.48455229347962053 0.08027923211169284 0.3916992774988237
3 0.20287958115183244 0.36048817969015245 0.08115183246073297 0.23096212378416697
4 0.56239092495637 0.479090351363103 0.08464223385689351 0.3214743074293135
4 0.6265270506108203 0.35658679246406855 0.05061082024432814 0.15137382437205535
4 0.7700698080279232 0.4619242475683339 0.0689354275741711 0.1747821477285588
4 0.6221640488656196 0.6608949960986128 0.13787085514834196 0.36673039925188666
4 0.8237347294938917 0.21067491020853063 0.036649214659685896 0.11860217167295058
4 0.8507853403141362 0.15449493415292245 0.03315881326352539 0.03745331737040543
4 0.8856893542757416 0.18180464473550978 0.019197207678883076 0.05774053094604172
4 0.8848167539267016 0.24344656290763542 0.0349040139616055 0.06866441517907668
