3 0.3805620608899297 0.2858501650534325 0.06557377049180331 0.26176755041523125
3 0.4543325526932084 0.3287800433215305 0.0585480093676815 0.3015562180783464
3 0.6475409836065574 0.43558120389094485 0.07259953161592525 0.3853218342112204
0 0.827708505263945 0.5877636719831759 0.14094729650825044 0.3652377277379862
0 0.8736639609835906 0.6170178964187484 0.17077023504364233 0.37388994290477057
2 0.9073570306515343 0.45155407747886483 0.06107890988249608 0.1322791688443553
2 0.8395784543325526 0.32878004332153055 0.04449648711943779 0.15496638984581684
2 0.5766978922716628 0.19161384690394928 0.029274004683840785 0.08585975653619585
2 0.544496487119438 0.20627282972720223 0.030444964871194316 0.07329491411626478
2 0.22423887587822017 0.16124881105578248 0.022248243559719008 0.07120077371294288
2 0.19379391100702578 0.167531232265748 0.024590163934426243 0.0753890545195866
4 0.234192037470726 0.629289191198216 0.11007025761124123 0.2575792696085876
4 0.08196946185075618 0.7102843360511817 0.0790075518201155 0.23417609693737718
4 0.12822014051522249 0.8072911254805732 0.07142857142857141 0.29108551606173705
4 0.08430913348946137 0.279567743843467 0.035128805620608904 0.056541790889689886
4 0.06381733021077282 0.3392507453381397 0.03629976580796252 0.12146014339266728
4 0.12704918032786885 0.26490876102021405 0.022248243559718953 0.07329491411626474
4 0.14461358313817332 0.3046974286833292 0.03395784543325528 0.10261287976277064
3 0.7133884325101455 0.5203719693219231 0.1157682658051138 0.3911308940866012
