3 0.1885245901639344 0.23663786557536906 0.032786885245901655 0.14658982823252947
2 0.2259953161592506 0.15601346004747782 0.023419203747072608 0.09004803734283953
2 0.82903981264637 0.3486743771530881 0.053864168618266886 0.21569646154215058
2 0.9338407494145199 0.46385209933578986 0.029274004683840785 0.15287224944249503
3 0.6598360655737704 0.4439577655042322 0.07377049180327866 0.34762730695142713
3 0.5632318501170961 0.3790394130012549 0.07259953161592506 0.3601921493713583
4 0.23243559718969556 0.6209126295849284 0.094847775175644 0.23244958476872532
4 0.069937592212326 0.7142755994296723 0.09736327862949555 0.2511991221622841
4 0.12997658079625296 0.8031028446739288 0.06557377049180335 0.28689723525509336
1 0.09272068036424014 0.4889981948034038 0.09184905951928131 0.2221698708950089
1 0.1691224587300436 0.45693767230490095 0.10939250439280145 0.2457049589702784
4 0.06323185011709602 0.3245917625148868 0.037470725995316145 0.1130835817793799
4 0.0889929742388759 0.2701441120285187 0.046838407494145196 0.0712007737129429
4 0.12646370023419204 0.2596734100119094 0.025761124121779843 0.0795773353262303
4 0.1451990632318501 0.28375602465011074 0.028103044496487123 0.06910663330962104
0 0.8398740204424029 0.5797152816789592 0.24300403582443408 0.4423239614108034
2 0.4314988290398126 0.19161384690394928 0.043325526932084274 0.09423631814948324
2 0.5081967213114754 0.2010374787188976 0.04215456674473075 0.125648424199311
2 0.38407494145199067 0.17381365347571356 0.03747072599531613 0.07120077371294294
