1 0.5191972076788831 0.8854570579370895 0.12390924956369986 0.2290858841258212
1 0.44153577661431065 0.7537480120794097 0.09773123909249563 0.3152320878675791
1 0.28054101221640493 0.7933843194015094 0.13525305410122165 0.4132313611969812
1 0.3019197207678883 0.5727236447891166 0.07329842931937172 0.25280989225023676
1 0.3769633507853403 0.5235661657404594 0.07678883071553223 0.31367153297714556
1 0.363001745200698 0.3558065150188518 0.06282722513089006 0.13420772057728617
3 0.30715532286212904 0.33239819166234824 0.0593368237347295 0.21535657487983115
3 0.23167539267015705 0.36751067669710347 0.08115183246073297 0.24500711779806894
3 0.19938917975567189 0.26919571859978914 0.04973821989528794 0.16697937327639095
3 0.26308900523560214 0.21457629743461454 0.053228621291448557 0.16697937327639095
3 0.34904013961605584 0.20989463276331385 0.050610820244328066 0.1857060319615937
3 0.39790575916230364 0.259052111811971 0.033158813263525246 0.28402099005890796
3 0.43760907504363006 0.259052111811971 0.028795811518324613 0.3027476487441107
3 0.47600349040139617 0.22628045911286626 0.03228621291448519 0.2621732215928381
3 0.49869109947643975 0.20365241320157965 0.03752181500872602 0.24188600801720184
3 0.5349040139616057 0.18414547707116014 0.02966841186736467 0.23408323356503405
3 0.6260907504363001 0.16229770860509027 0.03577661431064577 0.19662991619462858
3 0.6042757417102966 0.1287457784607687 0.020069808027923273 0.1732215928381252
0 0.6771378708551484 0.11470078444686668 0.017452006980802962 0.15449493415292248
0 0.6980802792321118 0.10377690021383174 0.02443280977312415 0.15761604393378956
0 0.7168411867364748 0.0944135708712304 0.020069808027923273 0.14201049502945398
2 0.662739965095986 0.0468166467130068 0.016579406631762765 0.053058866274741046
2 0.6404886561954625 0.036673039925188666 0.022687609075043726 0.060861640726908854
2 0.5410122164048866 0.04915747904865715 0.02094240837696326 0.03589276247997189
2 0.45069808027923214 0.07880802196689479 0.030541012216404866 0.04213498204170613
2 0.39223385689354273 0.09675440320688074 0.03228621291448512 0.0468166467130068
1 0.7897033158813264 0.47909035136310296 0.0837696335078536 0.3464431856762504
1 0.9497274249964843 0.5021327207370728 0.09865879378676568 0.24642922975028753
1 0.9890924956369983 0.3238151397649638 0.021815008726003525 0.15449493415292245
4 0.8259162303664922 0.22081851699634875 0.04624781849912736 0.11079939722078276
4 0.881762652705061 0.22628045911286626 0.03228621291448519 0.08114885430254513
