0 0.8410319295234426 0.5843813562576574 0.19050957806181287 0.38729447074847656
2 0.9355971896955504 0.4879347139739912 0.0398126463700234 0.12564842419931105
2 0.834894613583138 0.35914507916969723 0.05854800936768143 0.1444956878292076
2 0.506440281030445 0.19580212771059297 0.05035128805620616 0.09842459895612697
2 0.43384074941451994 0.18114314488734004 0.043325526932084274 0.08167147572955216
2 0.3911007025761124 0.17800193428235725 0.0398126463700234 0.08795389693951769
2 0.2230679156908665 0.1591546706524606 0.03161592505854799 0.0670124929062992
2 0.18266978922716628 0.167531232265748 0.030444964871194385 0.07120077371294292
4 0.06498829039812647 0.3277329731198696 0.026932084309133488 0.11936600298934551
4 0.08957845433255268 0.2764265332384842 0.03864168618266979 0.07538905451958662
4 0.12177985948477751 0.2722382524318405 0.028103044496487133 0.083765616132874
4 0.14461358313817332 0.29736793727170274 0.03395784543325528 0.08795389693951766
3 0.3577283372365338 0.2921325862633979 0.048009367681498764 0.23663786557536878
3 0.4795081967213115 0.3916042554211861 0.06440281030444964 0.3183093413049213
4 0.234192037470726 0.6324304018031985 0.09836065573770486 0.24710856759197827
4 0.09953161592505852 0.7025841053144809 0.08196721311475408 0.22826130396208208
4 0.12880562060889933 0.8072911254805736 0.09601873536299768 0.2701441120285187
1 0.1907465200264909 0.4718341697612376 0.14172270914956045 0.27314961379725006
0 0.7069884744111639 0.4998313759026861 0.1294881221913357 0.37667464005211654
