2 0.9238875878220141 0.46385209933578986 0.044496487119438086 0.11517772218270181
2 0.8530444964871193 0.33715660493481786 0.043325526932084274 0.1507781090391732
2 0.502927400468384 0.2010374787188976 0.0362997658079626 0.09214217774616142
3 0.41920374707259955 0.31412106049827754 0.0374707259953162 0.25548512920526567
3 0.4800936768149883 0.3895101150178641 0.06323185011709598 0.33087418372485233
0 0.8291981743880653 0.5729980672748164 0.16559072135093658 0.4030489549163914
1 0.6293911007025761 0.5895005235351009 0.09250585480093697 0.4963112755872785
0 0.6914519906323187 0.43662827409260596 0.03864168618267013 0.295273796868381
2 0.1797423887587822 0.18323728529066188 0.03395784543325529 0.08585975653619587
2 0.21955503512880561 0.167531232265748 0.024590163934426208 0.09214217774616142
4 0.06557377049180328 0.335062464531496 0.032786885245901634 0.12564842419931097
4 0.08665105386416862 0.2764265332384842 0.03747072599531616 0.083765616132874
4 0.12412177985948476 0.2764265332384842 0.028103044496487116 0.08795389693951773
4 0.14227166276346603 0.2900384458600762 0.024590163934426243 0.08585975653619585
4 0.23185011709601863 0.6093948573666585 0.09367681498829036 0.24292028678533467
4 0.08313817330210772 0.7193372285410555 0.063231850117096 0.24501442718865654
4 0.13348946135831383 0.7884438618506766 0.09601873536299767 0.26595583122187505
1 0.16737361113038443 0.4957365176455291 0.10296397927181608 0.28191297019400197
