2 0.16621413831129672 0.6259966019746492 0.2112082259639491 0.48274576470154756
2 0.075043630017452 0.5602392056656481 0.09773123909249563 0.40886538129359273
1 0.3782722513089006 0.7879223772849919 0.13350785340314136 0.42415524543001626
3 0.3289703315881326 0.3214743074293135 0.0558464223385689 0.3214743074293135
3 0.4363001745200698 0.23720434334590115 0.054101221640488716 0.2808998802780408
3 0.4716404886561955 0.23174240122938372 0.047993019197207686 0.24500711779806894
3 0.512216404886562 0.21457629743461454 0.03839441535776615 0.23876489823633473
3 0.5488656195462478 0.1654188183859574 0.036649214659685826 0.25280989225023676
2 0.5087260034904014 0.05617997605560818 0.03141361256544499 0.05930108583647529
2 0.4738219895287958 0.07178552495994378 0.02617801047120416 0.06866441517907668
2 0.6579406631762652 0.053839143719957835 0.027923211169284486 0.05461942116517461
2 0.5964223385689355 0.03823359481562223 0.039267015706806276 0.07646718963124446
4 0.6204188481675392 0.6468500020847108 0.14310645724258295 0.3199137525388799
4 0.7722513089005235 0.4603636926779003 0.07504363001745204 0.15917659882422314
4 0.6348167539267017 0.36516984436145306 0.047993019197207686 0.14357104991988756
4 0.5663176265270506 0.48065090625353657 0.09075043630017454 0.24968878246936968
4 0.8289703315881326 0.22862129144851656 0.0401396160558464 0.11704161678251701
4 0.8442408376963351 0.1661990958311742 0.039267015706806206 0.057740530946041736
4 0.887434554973822 0.1833651996259433 0.02617801047120409 0.06398275050777595
4 0.8852530541012217 0.22940156889373334 0.034031413612565446 0.06242219561734242
