2 0.13481675392670156 0.6218811238377738 0.0828970331588133 0.4447581437735647
2 0.09293193717277487 0.5758447545699837 0.09162303664921467 0.43695536932139684
2 0.43804537521815007 0.09129246109036326 0.03490401396160564 0.09519384831644719
2 0.49869109947643975 0.06164191817212563 0.02705061082024429 0.08583051897384582
3 0.5274869109947644 0.19038769663289437 0.028795811518324613 0.2278410140032998
3 0.5698080279232112 0.15683576648857284 0.036649214659685965 0.2013115808659293
0 0.6675392670157068 0.11079939722078277 0.029668411867364877 0.15605548904335603
0 0.7342931937172775 0.1295260559059855 0.02879581151832454 0.14044994013902043
0 0.6950261780104712 0.11001911977556598 0.018324607329842736 0.13576827546771975
0 0.7168411867364746 0.04993775649387393 0.01832460732984288 0.06866441517907665
4 0.6230366492146596 0.6406077825229766 0.12390924956369986 0.32303486231974693
4 0.581151832460733 0.49703673260308906 0.0959860383944153 0.24188600801720192
4 0.6230366492146596 0.3503445729023343 0.048865619546247886 0.09207273853558004
4 0.7665794066317627 0.4510003633352989 0.0759162303664921 0.15605548904335606
4 0.8254799301919721 0.22081851699634877 0.04712041884816756 0.10767828743991564
4 0.8429319371727749 0.1412302175842372 0.024432809773123978 0.04525609182257323
4 0.8865619546247818 0.17634270261899232 0.022687609075043726 0.04057442715127259
4 0.8852530541012216 0.22862129144851656 0.02356020942408378 0.06398275050777595
4 0.9899650959860383 0.3464431856762504 0.020069808027923273 0.14044994013902048
