4 0.22892271662763464 0.6271950507948941 0.10889929742388756 0.24082614638201272
4 0.08957845433255268 0.7067723861211245 0.062060889929742374 0.2617675504152314
4 0.12353629976580796 0.8041499148755905 0.07142857142857141 0.2973679372717027
4 0.14929742388758782 0.3130739902966166 0.048009367681498834 0.13193084540927658
4 0.1375878220140515 0.2711911822301796 0.03395784543325529 0.10261287976277067
4 0.06147540983606557 0.34029781553980065 0.04800936768149881 0.13193084540927658
4 0.08606557377049182 0.2806148140451279 0.03629976580796254 0.08376561613287403
3 0.4069086651053864 0.29317965646505906 0.06908665105386412 0.3183093413049212
3 0.32903981264637006 0.17381365347571354 0.042154566744730636 0.06701249290629921
2 0.9168618266978922 0.4732757311507382 0.05386416861826703 0.18009607468567915
2 0.8430913348946136 0.35809800896803634 0.05620608899297423 0.2387320059786909
2 0.5052693208430914 0.20208454892055855 0.04098360655737714 0.1277425646026329
2 0.2412177985948478 0.1591546706524606 0.049180327868852486 0.125648424199311
1 0.09894613583138173 0.2251200933570989 0.031615925058548 0.12355428379598915
3 0.6492974238875857 0.5340058028470713 0.07142857142857083 0.3811335534045766
3 0.33782201405152223 0.34029781553980065 0.05035128805620609 0.2701441120285186
3 0.642271662763466 0.46385209933578975 0.08079625292740047 0.27852067364180605
2 0.4631147540983606 0.21255525093716782 0.029274004683840716 0.11098944137605807
