3 0.3983420593368237 0.42369065275271167 0.11605584642233857 0.3698515090327538
3 0.2604712041884817 0.42056954297184446 0.08115183246073297 0.3448826307858168
3 0.2774869109947644 0.28324071261369127 0.059336823734729344 0.21067491020853069
3 0.36998254799301916 0.22471990422243265 0.0610820244328098 0.1935088064137615
3 0.45811518324607337 0.22706073655808304 0.04712041884816749 0.2637337764832717
3 0.4943280977312391 0.2044326906467964 0.04624781849912743 0.2559310020311039
3 0.5305410122164052 0.1974101936398453 0.0349040139616055 0.22940156889373323
3 0.5527923211169284 0.1724413153929084 0.028795811518324683 0.21379601998939776
3 0.5885689354275742 0.15371465670770568 0.03228621291448519 0.1981904710850621
3 0.618673647469459 0.14357104991988756 0.033158813263525315 0.19350880641376147
0 0.6780104712041884 0.10923884233034922 0.02617801047120423 0.14981326948162177
0 0.7024432809773122 0.09753468065209753 0.024432809773123978 0.13264716568685261
1 0.7107329842931938 0.19428908385897828 0.04624781849912736 0.20755380042766355
4 0.774869109947644 0.4588031377874667 0.0767888307155323 0.19038769663289437
4 0.8180628272251299 0.9697270220205014 0.16666666666666663 0.06054595595899583
4 0.9904013961605586 0.3667303992518866 0.019197207678883076 0.181024367290293
4 0.8228621291448516 0.23096212378416692 0.0418848167539268 0.10923884233034918
4 0.8342059336823735 0.14044994013902046 0.020942408376963328 0.09051218364514652
4 0.882198952879581 0.22940156889373337 0.033158813263525246 0.07802774452167803
