1 0.2526178010471204 0.8558065150188517 0.1858638743455497 0.28838696996229657
1 0.5772251308900523 0.8378601337788658 0.1300174520069808 0.3242797324422683
1 0.4354275741710296 0.7637337764832717 0.10994764397905761 0.47253244703345665
1 0.568499127399651 0.5914503034743194 0.08638743455497391 0.24344656290763544
1 0.46596858638743455 0.5399519920900119 0.09249563699825479 0.3183531976484463
1 0.3416230366492147 0.6265627885090744 0.10209424083769633 0.6008136328169207
1 0.4027050610820245 0.4049639940675089 0.06195462478184993 0.25749155692153747
1 0.3403141361256544 0.3175729202032295 0.04712041884816756 0.1264049461251184
3 0.2482547993019197 0.3815556707110055 0.07242582897033159 0.2730971058258731
3 0.20331588132635253 0.316012365312796 0.07504363001745201 0.2793393253876073
3 0.24694589877835957 0.2348635110102508 0.05235602094240832 0.1139205070016499
3 0.30453752181500876 0.2403254531267683 0.052356020942408356 0.21535657487983137
3 0.3420593368237347 0.19506936130419505 0.045375218150087236 0.15917659882422316
3 0.40052356020942415 0.2067735229824467 0.054101221640488646 0.21067491020853063
3 0.4393542757417103 0.24578739524328574 0.03228621291448519 0.29494487429194294
3 0.4620418848167539 0.22081851699634875 0.03403141361256537 0.23564378845546755
3 0.5013089005235603 0.20989463276331385 0.042757417102966856 0.2574915569215374
3 0.587696335078534 0.14669215970075467 0.039267015706806276 0.1872665868520272
2 0.09467713787085515 0.5118620040622077 0.10732984293193716 0.3901387226083901
2 0.4489528795811518 0.04759692415822359 0.034031413612565446 0.07646718963124446
2 0.5274869109947643 0.05149831138430749 0.021815008726003456 0.062422195617342406
2 0.606457242582897 0.03823359481562223 0.03490401396160557 0.060861640726908854
0 0.6631762652705063 0.12172328145381775 0.022687609075043483 0.14669215970075475
0 0.6849912739965097 0.10923884233034922 0.015706806282722568 0.14357104991988756
0 0.6967713787085514 0.10455717765904854 0.013089005235602115 0.14669215970075464
0 0.7434554973821988 0.1225035588990345 0.02094240837696347 0.1139205070016499
0 0.7102966841186736 0.10065579043296463 0.010471204188481664 0.13264716568685261
0 0.7225130890052357 0.0990952355425311 0.012216404886561918 0.13888938524858688
4 0.8250436300174521 0.227060736558083 0.0410122164048866 0.11704161678251701
4 0.8773996509598604 0.21379601998939776 0.025305410122164175 0.05305886627474102
4 0.993019197207679 0.37375289625883773 0.013961605584642172 0.15137382437205535
