2 0.08813263525305409 0.5274675529665434 0.0907504363001745 0.37765428348492164
1 0.28010471204188486 0.8846767804918726 0.12914485165794065 0.23064643901625487
1 0.42801047120418845 0.7621732215928381 0.10034904013961601 0.4756535568143237
1 0.5964223385689355 0.8245954172101806 0.10383944153577658 0.35080916557963887
1 0.6029668411867365 0.5914503034743194 0.06806282722513096 0.2808998802780409
1 0.32940663176265267 0.6296838982899415 0.1073298429319372 0.4946959002674386
1 0.47425828970331596 0.6218811238377738 0.08289703315881333 0.3698515090327538
1 0.40052356020942415 0.4275920399787955 0.08551483420593364 0.2559310020311039
1 0.3320244328097731 0.3425417984501665 0.054973821989528805 0.16073715371465672
3 0.25 0.3924795549440404 0.06544502617801047 0.2855815449493415
3 0.2111692844677138 0.31211097808671207 0.05235602094240839 0.2621732215928381
3 0.28403141361256545 0.26529433137370523 0.04973821989528794 0.2465676726885025
3 0.3390052356020943 0.22471990422243265 0.06369982547993022 0.20599324553722995
3 0.40532286212914487 0.21847768466069845 0.05846422338568935 0.20599324553722995
3 0.43586387434554974 0.25046905991458646 0.03752181500872595 0.28558154494934157
3 0.4650959860383944 0.22862129144851656 0.027923211169284486 0.26061266670240457
3 0.5 0.21613685232504806 0.0418848167539268 0.2450071177980689
3 0.556282722513089 0.18414547707116008 0.03752181500872602 0.22159879444156552
3 0.6391797556719022 0.13108661079641906 0.03228621291448512 0.16229770860509027
0 0.6841186736474694 0.10533745510426532 0.022687609075043583 0.14825271459118822
0 0.7412739965095986 0.11470078444686667 0.020069808027923273 0.1295260559059855
0 0.6989528795811517 0.10143606787818144 0.010471204188481664 0.14044994013902043
0 0.712914485165794 0.0905121836451465 0.013961605584642314 0.11860217167295058
2 0.643979057591623 0.024968878246936964 0.01745200698080275 0.034332207589538324
2 0.6649214659685865 0.04837720160344037 0.015706806282722426 0.0468166467130068
2 0.5030541012216405 0.05774053094604173 0.03228621291448519 0.07802774452167802
2 0.4520069808027924 0.04525609182257325 0.03490401396160557 0.07178552495994378
2 0.4101221640488656 0.08505024152862903 0.03490401396160557 0.0671038602886431
1 0.8189354275741709 0.9494398084448653 0.11954624781849915 0.10112038311026922
1 0.8769633507853404 0.4197892655266277 0.08551483420593371 0.27153655093543955
4 0.8246073298429321 0.22081851699634875 0.0418848167539268 0.11079939722078276
4 0.8752181500872601 0.2153565748798313 0.024432809773123978 0.06554330539820949
4 0.989965095986038 0.35970790224493565 0.020069808027922634 0.12952605590598548
