3 0.41841186736474695 0.25046905991458646 0.06719022687609076 0.2574915569215374
3 0.5680628272251309 0.15605548904335603 0.041884816753926725 0.19038769663289437
3 0.6369982547993019 0.12484439123468481 0.031413612565445066 0.17790325750942584
0 0.6758289703315882 0.11938244911816737 0.02879581151832454 0.13576827546771977
0 0.724694589877836 0.11938244911816735 0.02705061082024429 0.17010048305725806
0 0.7015706806282722 0.09675440320688075 0.015706806282722426 0.1373288303581533
2 0.6631762652705061 0.04525609182257325 0.01745200698080282 0.05930108583647529
2 0.5994764397905759 0.03277165269910476 0.026178010471204303 0.0624221956173424
2 0.5178883071553229 0.06476302795299275 0.04101221640488646 0.08895162875471292
2 0.45200698080279234 0.08817135130949616 0.027923211169284486 0.09519384831644719
2 0.15445026178010474 0.6406077825229763 0.12216404886561955 0.4197892655266277
2 0.09991273996509598 0.5477547665421797 0.0968586387434555 0.3495642954571176
4 0.6256544502617801 0.6476302795299276 0.14310645724258278 0.31211097808671195
4 0.7582897033158814 0.4549017505613828 0.08900523560209422 0.1981904710850622
4 0.5776614310645724 0.5056197845004735 0.1012216404886562 0.27153655093543955
4 0.6178010471204187 0.3534656826832014 0.04712041884816749 0.12952605590598548
4 0.8280977312390925 0.22315934933199913 0.04363001745200691 0.10923884233034925
4 0.8424956369982549 0.15137382437205535 0.028795811518324683 0.046816646713006824
4 0.8769633507853404 0.16853992816682453 0.027923211169284628 0.03745331737040546
4 0.8848167539267016 0.22003823955113197 0.027923211169284343 0.06242219561734242
4 0.9895287958115183 0.3402009661145161 0.020942408376963328 0.1872665868520272
