3 0.40398126463700235 0.31830934130492117 0.05386416861826703 0.24710856759197827
3 0.4818501170960187 0.3947454660261688 0.06908665105386419 0.3162152009015994
0 0.7085976021497062 0.4920060002907196 0.11682516863807763 0.40546867575465
0 0.8469850648435826 0.5630500131810418 0.17899174661853237 0.40030158682312733
2 0.927400468384075 0.4690874503440943 0.03747072599531623 0.12146014339266735
2 0.8372365339578454 0.35390972816139266 0.051522248243559686 0.167531232265748
2 0.1797423887587822 0.18009607468567912 0.02927400468384075 0.0795773353262303
2 0.2230679156908665 0.1602017408541215 0.024590163934426243 0.08167147572955213
4 0.22599531615925056 0.6230067699882504 0.08899297423887584 0.22407302315543798
4 0.08606557377049183 0.7203842987427165 0.06440281030444965 0.2554851292052656
4 0.1247072599531616 0.796820423463964 0.0784543325526932 0.26595583122187505
1 0.11007025761124123 0.3382036751364788 0.03278688524590162 0.1863784958956446
4 0.14695550351288056 0.29422672666671995 0.03161592505854799 0.07748319492290844
4 0.12295081967213115 0.25339098880194383 0.021077283372365353 0.05444765048636807
4 0.08021077283372367 0.2701441120285187 0.0269320843091335 0.06701249290629921
4 0.06147540983606557 0.3340153943298351 0.040983606557377046 0.11517772218270174
