2 0.218384074941452 0.1465898282325295 0.022248243559718935 0.0712007737129429
3 0.2459016393442623 0.21360232113882874 0.030444964871194385 0.18009607468567912
3 0.33021077283372363 0.2900384458600762 0.05620608899297423 0.24920270799530017
3 0.4133489461358313 0.30679156908665106 0.0585480093676815 0.26595583122187494
3 0.5128805620608899 0.3654275003796629 0.0562060889929743 0.3539097281613926
2 0.8319672131147542 0.32982711352319144 0.048009367681498674 0.20731989992886315
2 0.93735362997658 0.4586167483274851 0.026932084309133377 0.1130835817793799
4 0.2353629976580796 0.6156772785766239 0.10772833723653395 0.2848030948517717
4 0.07728337236533958 0.7057253159194634 0.06791569086651053 0.2471085675919783
4 0.13466042154566746 0.8020557744722686 0.07494145199063232 0.28899137565841526
4 0.06206088992974239 0.34029781553980065 0.03981264637002341 0.13611912621592026
4 0.08606557377049182 0.2858501650534325 0.038641686182669784 0.09004803734283953
4 0.13114754098360656 0.26595583122187494 0.02341920374707259 0.08795389693951769
4 0.14344262295081966 0.3026032882800073 0.03864168618266976 0.11098944137605805
0 0.8178378341585311 0.5613836777980781 0.18336791449322645 0.3570021911445895
0 0.874786892269181 0.609474124119413 0.16646262614203466 0.39026277759799965
2 0.4508196721311475 0.19161384690394928 0.030444964871194385 0.08167147572955216
