0 0.68952633158933 0.10252808988764045 0.025130800240157923 0.1601123595505618
0 0.7095524380307058 0.10533707865168541 0.01335073762758384 0.12640449438202248
3 0.6632175250879146 0.125 0.02120411270263318 0.1685393258426966
3 0.39384676001372315 0.2092696629213483 0.06518301312290908 0.2219101123595505
3 0.2764388026417359 0.2710674157303371 0.04554957543528602 0.18258426966292135
3 0.23677925851273693 0.40730337078651685 0.10759123852817563 0.20224719101123587
3 0.3192396968007547 0.4691011235955056 0.08246043828801777 0.4382022471910112
3 0.40209280384252494 0.5337078651685393 0.07853375075049314 0.43820224719101125
2 0.1283443069257675 0.5978332646264677 0.1896700739554823 0.39830160691453415
2 0.05733734869414966 0.3636475585733267 0.08558719310503736 0.11613001824781108
2 0.4421450167252765 0.08426966292134833 0.03298417531520712 0.08707865168539325
4 0.627877337250193 0.6292134831460673 0.08717246333304743 0.3426966292134832
4 0.7664894073248134 0.45926966292134835 0.07853375075049314 0.19943820224719097
4 0.6200239621751436 0.36025280898876405 0.05418828801784031 0.1390449438202247
4 0.5835057680761642 0.46629213483146076 0.08481645081053259 0.21067415730337083
4 0.8304944141864652 0.21348314606741575 0.038481537867741625 0.09550561797752811
4 0.886646045973068 0.2366573033707865 0.02670147525516768 0.08567415730337079
4 0.8442378205678015 0.1601123595505618 0.023560125225147884 0.05617977528089888
4 0.8862533772193154 0.18117977528089887 0.02748681276267263 0.05617977528089886
2 0.5705476992023328 0.047050561797752806 0.03534018783772197 0.06601123595505619
