0 0.8237467542555872 0.5636776272348402 0.1768120406621776 0.3965279231163539
0 0.8684514128392254 0.6107801942352294 0.1726365166088037 0.40426410349754205
2 0.8331381733021077 0.33610953473315697 0.03864168618266973 0.1947550575089321
2 0.9350117096018742 0.46280502913412896 0.024590163934426243 0.10051873935944877
4 0.22540983606557374 0.6146302083749631 0.10187353629976577 0.24920270799530017
4 0.08021077283372366 0.7046782457178026 0.06440281030444965 0.22407302315543795
4 0.13114754098360654 0.8010087042706076 0.07962529274004676 0.278520673641806
3 0.35304449648711944 0.26804997162519684 0.04332552693208441 0.2722382524318405
3 0.3951990632318501 0.2848030948517717 0.029274004683840785 0.2680499716251969
3 0.4279859484777516 0.3298271135231915 0.03864168618266966 0.29527379686838084
2 0.525175644028103 0.19999040851723668 0.033957845433255446 0.12355428379598914
2 0.4496487119437939 0.19370798730727112 0.03044496487119446 0.07748319492290846
2 0.23067915690866506 0.15391931964415598 0.021077283372365335 0.08167147572955213
3 0.2113583138173302 0.21360232113882874 0.031615925058548024 0.1717195130723917
4 0.06323185011709602 0.33610953473315697 0.030444964871194385 0.14868396863585137
4 0.08782201405152225 0.2753794630368233 0.044496487119437926 0.08585975653619585
4 0.12822014051522249 0.26595583122187494 0.024590163934426226 0.08795389693951769
4 0.1451990632318501 0.31097984989329475 0.035128805620608876 0.1193660029893454
