2 0.12336074707128124 0.7664179976198335 0.2081332145081155 0.467164004760333
1 0.3237347294938918 0.9361750918761801 0.12565445026178004 0.12764981624763977
1 0.4306282722513089 0.8113307006414953 0.13874345549738223 0.3773385987170095
1 0.5885689354275742 0.7598323892571878 0.11954624781849915 0.48033522148562446
1 0.4589877835951134 0.5805264192412846 0.08027923211169288 0.24344656290763544
1 0.3219895287958115 0.6866441517907665 0.1431064572425829 0.5212253334048091
1 0.32897033158813266 0.42134982041706104 0.059336823734729593 0.12172328145381764
1 0.36431064572425775 0.36360928947101934 0.07591623036649198 0.14044994013902057
1 0.3171902268760908 0.3183531976484464 0.03577661431064574 0.09675440320688077
3 0.28839441535776617 0.30352792618932745 0.041012216404886566 0.2231593493319991
3 0.19764397905759157 0.28480126750412466 0.06893542757417104 0.22628045911286615
3 0.24869109947643978 0.32537569465539734 0.0506108202443281 0.20755380042766355
1 0.8163176265270511 0.5227858882952425 0.08289703315881264 0.4556820280065995
3 0.28097731239092494 0.17088076050247486 0.027923211169284486 0.057740530946041736
3 0.35558464223385683 0.2153565748798313 0.05846422338568935 0.1779032575094259
3 0.4105584642233857 0.25593100203110386 0.04450261780104711 0.2871420998397751
3 0.44589877835951136 0.23330295611981725 0.02617801047120423 0.273097105825873
3 0.4816753926701571 0.20833407787288027 0.047120418848167415 0.2574915569215374
3 0.5218150087260035 0.19038769663289437 0.036649214659685896 0.22471990422243265
3 0.56282722513089 0.16463854094074062 0.041884816753926656 0.19819047108506216
0 0.6522687609075044 0.12874577846076873 0.020069808027923273 0.15137382437205535
0 0.6679755671902268 0.12250355889903447 0.02006980802792313 0.16073715371465672
0 0.6828097731239091 0.11704161678251701 0.01832460732984302 0.14669215970075467
0 0.7050610820244327 0.10533745510426532 0.015706806282722568 0.14513160481032109
2 0.7530541012216406 0.11938244911816737 0.022687609075043583 0.1139205070016499
4 0.8206806282722513 0.23096212378416694 0.044502617801046966 0.09987551298774786
4 0.8795811518324607 0.22081851699634875 0.027923211169284486 0.07022497006951017
4 0.9943280977312391 0.3542459601284182 0.011343804537521863 0.13420772057728617
2 0.6278359511343805 0.04525609182257325 0.020069808027923273 0.05930108583647529
2 0.531413612565445 0.05383914371995782 0.03490401396160557 0.045256091822573244
