2 0.14048865619546247 0.6234416787282073 0.12739965095986036 0.3916992774988236
2 0.09118673647469461 0.5344900499734944 0.09511343804537523 0.36985150903275377
3 0.4677137870855148 0.21925796210591522 0.04712041884816756 0.26685488626413884
3 0.5506108202443281 0.19506936130419505 0.045375218150087306 0.20911435531809708
3 0.6243455497382199 0.13030633335120226 0.039267015706806206 0.16073715371465666
0 0.6553228621291447 0.12406411378946804 0.024432809773123978 0.16385826349552382
0 0.6810645724258291 0.11704161678251702 0.02006980802792313 0.16229770860509027
0 0.7037521815008725 0.11001911977556598 0.02006980802792313 0.14825271459118822
2 0.5013089005235603 0.06320247306255919 0.03228621291448519 0.08583051897384582
2 0.5575916230366492 0.04759692415822359 0.029668411867364738 0.07646718963124446
2 0.6361256544502618 0.02808998802780408 0.020942408376963328 0.043695536932139685
4 0.6191099476439791 0.6569936088725288 0.143979057591623 0.32771652699104764
4 0.5802792321116929 0.4853325709248372 0.08376963350785338 0.23408323356503405
4 0.6204188481675392 0.3667303992518866 0.03839441535776615 0.10923884233034918
4 0.7696335078534031 0.46114397012311703 0.08202443280977306 0.17010048305725803
4 0.8202443280977312 0.2239396267772159 0.05061082024432821 0.10455717765904851
4 0.8459860383944156 0.15449493415292245 0.02879581151832454 0.05305886627474107
4 0.8843804537521813 0.1747821477285588 0.02879581151832454 0.04057442715127255
4 0.8861256544502618 0.22550018166764946 0.035776614310645695 0.0577405309460417
4 0.987783595113438 0.3503445729023343 0.024432809773123836 0.15761604393378956
