3 0.18793911007025763 0.22512009335709884 0.026932084309133478 0.14868396863585148
3 0.5720140515222483 0.4167339402610481 0.07845433255269355 0.3685687109846454
3 0.6539812646370021 0.47327573115073834 0.05971896955503527 0.38113355340457716
2 0.836065573770492 0.3518155877580708 0.04215456674473054 0.2010374787188976
2 0.9361826697892272 0.47013452054575533 0.03864168618266973 0.13611912621592026
0 0.8482289194652918 0.5807316208159051 0.1855858911120184 0.44438220809926193
2 0.2230679156908665 0.16124881105578248 0.029274004683840716 0.08376561613287402
4 0.06674473067915691 0.3319212539265133 0.03278688524590164 0.11098944137605812
4 0.08782201405152225 0.2753794630368233 0.044496487119437926 0.06073007169633364
4 0.11943793911007028 0.2722382524318405 0.028103044496487133 0.083765616132874
4 0.1475409836065574 0.2868972352550935 0.028103044496487116 0.07538905451958662
4 0.22716627634660422 0.6230067699882504 0.08430913348946134 0.23663786557536903
4 0.08489461358313818 0.7099135967261071 0.06674473067915691 0.2219788827521161
4 0.13114754098360656 0.7915850724556595 0.06557377049180335 0.27642653323848415
2 0.4314988290398126 0.19475505750893204 0.03864168618266973 0.09633045855280513
1 0.16217798594847774 0.4889817841756519 0.050351288056206124 0.3036503584816684
1 0.0989461358313817 0.4806052225623646 0.06674473067915689 0.2198847423487945
