2 0.12172774869109947 0.6195402915021234 0.1195462478184991 0.4151076008553271
2 0.08726003490401396 0.5415125469804455 0.10645724258289702 0.3995020519509914
3 0.2342931937172775 0.39325983238925716 0.09860383944153579 0.26841544115457233
3 0.4472076788830715 0.22159879444156555 0.06020942408376961 0.2746576607163066
3 0.5340314136125655 0.17868353495464262 0.04712041884816756 0.2294015688937333
3 0.5602094240837698 0.18102436729029286 0.033158813263525 0.21223546509896402
3 0.5855148342059338 0.1685399281668245 0.02966841186736481 0.1841454770711601
3 0.606457242582897 0.13186688824163587 0.027923211169284413 0.19194825152332792
0 0.6889179755671903 0.10845856488513242 0.035776614310645695 0.13888938524858685
0 0.74912739965096 0.1217232814538177 0.0410122164048866 0.15293437926248887
2 0.6605584642233856 0.05930108583647529 0.027923211169284486 0.05617997605560816
2 0.599912739965096 0.024968878246936964 0.014834205933682369 0.034332207589538324
2 0.44502617801047123 0.08973190619992971 0.02443280977312391 0.05774053094604173
4 0.6178010471204188 0.6484105569751444 0.14485165794066304 0.3199137525388799
4 0.7648342059336823 0.454121473116166 0.07417102966841185 0.1685399281668245
4 0.5711169284467714 0.479090351363103 0.06369982547993025 0.2434465629076354
4 0.6226003490401396 0.36282901202580276 0.03752181500872595 0.14513160481032114
4 0.8237347294938917 0.20833407787288027 0.036649214659685896 0.11079939722078277
4 0.8477312390924956 0.16307798605030704 0.03228621291448505 0.032771652699104765
4 0.8861256544502619 0.170100483057258 0.018324607329842577 0.05930108583647534
4 0.8856893542757418 0.22471990422243265 0.03664921465968576 0.07178552495994378
1 0.9886561954624782 0.35580651501885163 0.022687609075043465 0.14981326948162174
