2 0.1273996509598604 0.6211008463925569 0.10994764397905758 0.4057442715127256
2 0.09205933682373474 0.5461942116517461 0.09685863874345549 0.4026231617318585
2 0.49912739965095987 0.07256580240516057 0.029668411867364738 0.08895162875471295
2 0.45418848167539266 0.0944135708712304 0.02356020942408378 0.07334607985037735
2 0.6400523560209425 0.03667303992518867 0.020069808027923273 0.048377201603440376
3 0.45418848167539266 0.2645140539284885 0.04450261780104711 0.2824604351684744
3 0.49040139616055844 0.21925796210591522 0.0401396160558464 0.26061266670240457
3 0.5828970331588132 0.15371465670770568 0.041884816753926725 0.20443269064679637
3 0.6195462478184992 0.15917659882422316 0.03490401396160564 0.1841454770711601
3 0.6409249563699825 0.13888938524858688 0.025305410122164106 0.181024367290293
0 0.6723385689354275 0.11079939722078283 0.028795811518324763 0.19350880641376159
0 0.6954624781849913 0.10611773254948208 0.022687609075043583 0.14357104991988753
4 0.6252181500872601 0.656213331427312 0.13699825479930192 0.30742931341541135
4 0.7643979057591623 0.46582563479441774 0.09598603839441523 0.18882714174246076
4 0.6252181500872601 0.36360928947101956 0.06544502617801051 0.1404499401390204
4 0.5680628272251309 0.4923550679317883 0.07853403141361262 0.27933932538760736
4 0.8228621291448516 0.2247199042224327 0.04363001745200691 0.10611773254948212
4 0.8464223385689355 0.15761604393378958 0.024432809773123978 0.04057442715127255
4 0.8843804537521816 0.17088076050247486 0.020069808027923273 0.032771652699104765
4 0.8922338568935427 0.22940156889373337 0.03228621291448519 0.05930108583647531
4 0.9882198952879581 0.3441023533406 0.02356020942408378 0.14201049502945398
