1 0.26003490401396157 0.9229103753074949 0.14659685863874342 0.15417924938501032
1 0.5519197207678883 0.9346145369857465 0.09511343804537532 0.13077092602850698
1 0.5898778359511344 0.7459452376272417 0.12041884816753928 0.3745331737040546
1 0.4341186736474695 0.8058687585249779 0.1457242582897034 0.3882624829500444
1 0.4799301919720767 0.6015939102621375 0.0959860383944153 0.294944874291943
1 0.3385689354275742 0.7176974072154817 0.11518324607329848 0.5646051855690366
1 0.3424956369982548 0.4533411956709493 0.0863874345549738 0.2044326906467964
1 0.3787085514834206 0.4151076008553271 0.08726003490401396 0.29338431940150933
3 0.28228621291448514 0.40808510384837604 0.05497382198952877 0.2730971058258731
3 0.22425828970331588 0.330057359326698 0.06457242582897034 0.26997599604500594
3 0.27966841186736474 0.22862129144851662 0.05497382198952885 0.18882714174246082
3 0.33289703315881325 0.22003823955113197 0.05322862129144848 0.20287213575636284
3 0.39616055846422343 0.2957251517371597 0.06457242582897038 0.2793393253876073
3 0.43455497382198954 0.25046905991458646 0.05061082024432814 0.27309710582587304
3 0.46073298429319365 0.22706073655808304 0.033158813263525315 0.26061266670240457
3 0.4960732984293194 0.21769740721548164 0.051483420593368266 0.2668548862641388
3 0.5698080279232112 0.1701004830572581 0.02966841186736467 0.20287213575636287
3 0.5981675392670157 0.1412302175842372 0.028795811518324683 0.20131158086592926
2 0.0968586387434555 0.5274675529665435 0.07155322862129146 0.3402009661145161
2 0.044502617801047126 0.4135470459648934 0.06108202443280977 0.3308376367719148
2 0.5283595113438045 0.06554330539820953 0.021815008726003383 0.062422195617342406
2 0.6343804537521816 0.0468166467130068 0.02966841186736481 0.06866441517907665
2 0.662739965095986 0.04525609182257325 0.016579406631762765 0.0436955369321397
0 0.6815008726003491 0.11157967466599956 0.020942408376963328 0.13576827546771975
0 0.6958987783595114 0.10299662276861497 0.01832460732984302 0.1404499401390204
0 0.7290575916230366 0.12796550101555193 0.02356020942408378 0.15917659882422314
0 0.7582897033158812 0.09207273853558007 0.02094240837696347 0.09363329342601362
1 0.773996509598604 0.5157633912882917 0.08376963350785345 0.43539481443096334
1 0.7574171029668411 0.24812822757893607 0.04886561954624771 0.20599324553722995
4 0.8232984293193718 0.22706073655808304 0.042757417102966856 0.11079939722078276
4 0.8795811518324607 0.22159879444156558 0.022687609075043726 0.07802774452167803
4 0.993019197207679 0.36360928947101956 0.013961605584642172 0.11860217167295058
