3 0.640502267763793 0.4290263169968279 0.17023486756995554 0.3851280151127696
3 0.4496487119437939 0.32249762211156496 0.05620608899297423 0.3057444988849901
3 0.37002341920374704 0.2848030948517717 0.046838407494145216 0.27642653323848426
2 0.4045667447306792 0.167531232265748 0.026932084309133516 0.0753890545195866
2 0.5485948477751756 0.2010374787188976 0.03864168618266973 0.07538905451958659
2 0.5058548009367683 0.20941404033218503 0.03512880562060893 0.0712007737129429
2 0.8378220140515227 0.32354469231322597 0.04800936768149875 0.12355428379598928
2 0.9272789894569493 0.43431931615792735 0.0725959597637535 0.08719784857065022
0 0.7841873129231641 0.5552275630594191 0.1816971356040237 0.3680342200650508
0 0.8265896871754562 0.6003139650018063 0.17463612071708184 0.3787514487512061
0 0.8711119740183986 0.6625176731926155 0.18568048305138177 0.42706393968979
2 0.22540983606557374 0.16334295145910432 0.03629976580796249 0.0879538969395177
2 0.19379391100702578 0.1759077938790354 0.024590163934426243 0.09633045855280513
4 0.24180327868852458 0.6303362613998769 0.11124121779859482 0.2596734100119095
4 0.08079625292740046 0.7067723861211245 0.07962529274004683 0.24082614638201286
4 0.12939110070257612 0.790538002253998 0.07142857142857138 0.2910855160617371
4 0.1446135831381733 0.30783863928831195 0.04098360655737704 0.11727186258602358
4 0.126463700234192 0.26804997162519684 0.030444964871194368 0.0963304585528051
4 0.08782201405152225 0.27433239283516236 0.044496487119437926 0.0712007737129429
4 0.06791569086651053 0.3340153943298351 0.04449648711943793 0.1444956878292077
