2 0.13394415357766143 0.6164191817212563 0.1055846422338569 0.4026231617318586
2 0.09205933682373474 0.5524364312134804 0.10209424083769633 0.3932598323892573
3 0.41361256544502617 0.2598323892571878 0.06108202443280973 0.2887026547302087
3 0.48560209424083767 0.2153565748798313 0.053228621291448446 0.259052111811971
3 0.5606457242582897 0.17010048305725806 0.047993019197207686 0.22471990422243265
3 0.5964223385689355 0.16385826349552382 0.021815008726003525 0.19662991619462858
3 0.6252181500872601 0.14201049502945398 0.025305410122164033 0.17790325750942584
0 0.6596858638743456 0.11782189422773377 0.029668411867364738 0.1763427026189923
0 0.6972076788830717 0.11314022955643312 0.02617801047120409 0.15137382437205535
2 0.6745200698080279 0.034332207589538324 0.01745200698080282 0.05930108583647528
2 0.6378708551483421 0.03745331737040545 0.019197207678883145 0.06866441517907665
2 0.5056719022687609 0.06554330539820953 0.03228621291448519 0.07490663474081088
2 0.45069808027923214 0.08895162875471292 0.04275741710296679 0.06242219561734242
4 0.618237347294939 0.6437288923038436 0.14223385689354273 0.3448826307858169
4 0.7674520069808028 0.4666059122396345 0.07766143106457235 0.181024367290293
4 0.6239092495636999 0.36360928947101956 0.04886561954624774 0.13732883035815335
4 0.56282722513089 0.49781701004830575 0.06980802792321121 0.2933843194015093
4 0.8228621291448516 0.22940156889373334 0.04013961605584626 0.10611773254948208
4 0.8407504363001747 0.14357104991988753 0.016579406631762623 0.03433220758953834
4 0.8830715532286213 0.1724413153929084 0.019197207678883218 0.042134982041706126
4 0.8861256544502618 0.22862129144851656 0.03054101221640494 0.06398275050777595
1 0.8590750436300175 0.2083340778728803 0.021815008726003525 0.12952605590598554
4 0.9899650959860383 0.3441023533406 0.020069808027923273 0.13888938524858688
