2 0.13656195462478185 0.6187600140569066 0.11954624781849912 0.401062606841425
2 0.09162303664921465 0.5469744890969629 0.10994764397905758 0.3698515090327538
3 0.4598603839441536 0.22003823955113203 0.04363001745200698 0.2684154411545724
3 0.575043630017452 0.1646385409407406 0.027923211169284413 0.19506936130419505
3 0.6234729493891797 0.13966966269380365 0.03752181500872595 0.1732215928381252
0 0.6636125654450262 0.13030633335120226 0.025305410122164033 0.16073715371465666
0 0.6867364746945899 0.11001911977556601 0.020942408376963328 0.14513160481032114
0 0.7146596858638742 0.11001911977556598 0.020942408376963186 0.16385826349552382
2 0.4834205933682374 0.07022497006951023 0.033158813263525315 0.07178552495994378
2 0.5728621291448517 0.034332207589538324 0.04101221640488646 0.0468166467130068
2 0.6291448516579407 0.02808998802780408 0.02617801047120416 0.0468166467130068
4 0.6269633507853404 0.653092221646445 0.15794066317626523 0.348003740566684
4 0.762216404886562 0.46816646713006804 0.08464223385689351 0.16229770860509027
4 0.5890052356020942 0.49391562282222184 0.12216404886561967 0.2481282275789362
4 0.6208551483420593 0.3542459601284182 0.05322862129144859 0.11860217167295062
4 0.8219895287958116 0.22862129144851656 0.04537521815008717 0.12328383634425126
4 0.843368237347295 0.15605548904335603 0.02356020942408364 0.056179976055608184
4 0.8865619546247818 0.17556242517377554 0.019197207678883218 0.042134982041706126
4 0.8839441535776615 0.23330295611981725 0.03141361256544499 0.06398275050777592
4 0.9882198952879581 0.3472234631214671 0.02356020942408378 0.16697937327639092
