2 0.1400523560209424 0.6179797366116898 0.11431064572425828 0.39013872260839
2 0.09336823734729494 0.55009559887783 0.08726003490401396 0.3636092894710196
2 0.5109075043630018 0.05696025350082495 0.02705061082024429 0.07334607985037735
2 0.5554101221640488 0.04291525948692291 0.03752181500872602 0.0702249700695102
2 0.6265270506108201 0.03199137525388798 0.033158813263525246 0.04525609182257325
2 0.6649214659685865 0.03745331737040545 0.012216404886561918 0.03745331737040545
3 0.5754799301919721 0.17088076050247483 0.04624781849912729 0.21067491020853063
3 0.6082024432809773 0.181024367290293 0.033158813263525315 0.21223546509896418
3 0.631326352530541 0.1373288303581533 0.03752181500872602 0.1685399281668245
0 0.6732111692844677 0.11235995211121633 0.02705061082024429 0.1373288303581533
0 0.7098603839441534 0.10923884233034922 0.025305410122164033 0.12796550101555193
0 0.7229493891797557 0.06944469262429344 0.014834205933682369 0.09207273853558005
4 0.6230366492146596 0.6538724990916617 0.1465968586387435 0.337079856333649
4 0.7718150087260035 0.4666059122396345 0.07940663176265275 0.15917659882422314
4 0.5767888307155323 0.4744086866918023 0.08376963350785338 0.2684154411545724
4 0.6260907504363001 0.3464431856762504 0.03403141361256537 0.131086610796419
4 0.8250436300174521 0.22237907188678235 0.04450261780104711 0.1139205070016499
4 0.8433682373472949 0.14513160481032109 0.025305410122164175 0.05617997605560815
4 0.8808900523560209 0.17946381239985942 0.025305410122164033 0.04369553693213971
4 0.8917975567190227 0.2325226786746005 0.024432809773123836 0.062422195617342385
4 0.9899650959860378 0.3362995788884321 0.020069808027921587 0.14201049502945395
