1 0.04742388758782202 0.2628146206168922 0.03161592505854801 0.14030740702256395
1 0.17544226806914434 0.4835610367533009 0.13338062527380892 0.28006389059554776
1 0.101288056206089 0.4963112755872785 0.05971896955503514 0.23873200597869088
4 0.22892271662763464 0.6188184891816068 0.09953161592505853 0.22826130396208164
4 0.08430913348946137 0.7193372285410555 0.0702576112412178 0.24920270799530017
4 0.13056206088992975 0.7926321426573204 0.07611241217798592 0.2952737968683806
4 0.12177985948477751 0.26490876102021405 0.02576112412177986 0.06910663330962105
4 0.14637002341920374 0.293179656465059 0.030444964871194385 0.08795389693951769
4 0.08840749414519905 0.2764265332384842 0.04332552693208429 0.054447650486368106
4 0.06440281030444964 0.3245917625148868 0.028103044496487116 0.08376561613287403
3 0.22072599531615927 0.23454372517204725 0.02927400468384075 0.1549663898458169
2 0.18793911007025763 0.17800193428235722 0.03629976580796256 0.07538905451958659
2 0.21955503512880561 0.14135447722422487 0.017564402810304466 0.03560038685647145
2 0.4320843091334895 0.19475505750893204 0.035128805620608855 0.09633045855280513
2 0.8378220140515219 0.3560038685647145 0.04098360655737725 0.21360232113882868
2 0.9314988290398127 0.46385209933578975 0.029274004683840785 0.1486839686358514
3 0.6932264976104974 0.5173407349297371 0.09778178473561012 0.4474935104225077
3 0.6481264637002343 0.4439577655042322 0.052693208430913366 0.3434390261447834
2 0.8428614961828421 0.5870363733785708 0.18290348356143965 0.44498024959970706
2 0.5357142857142857 0.2167435317438115 0.04800936768149881 0.11936600298934545
