0 0.7060184192469336 0.09620786516853935 0.028272150270177435 0.14747191011235958
2 0.6612541813191524 0.050561797752808994 0.029842825285187332 0.056179775280898875
2 0.49515529848185946 0.07373595505617977 0.03534018783772197 0.08567415730337079
2 0.5929298181662235 0.038623595505617975 0.0314135003001973 0.07724719101123595
2 0.4405743417102667 0.08707865168539325 0.0298428252851874 0.07303370786516854
2 0.13982068295735192 0.5968281494947436 0.22108768792740402 0.43448733181418747
2 0.05929298181662235 0.34901685393258425 0.04633491294279096 0.09971910112359553
3 0.41937022900763354 0.26615168539325845 0.04397890042027612 0.27387640449438205
3 0.465312473196672 0.22963483146067418 0.04476423792778114 0.2570224719101124
3 0.5489509177459473 0.16573033707865165 0.036125525345226846 0.247191011235955
3 0.2387426022814992 0.43398876404494385 0.09581117591560165 0.23314606741573038
3 0.1865176580324213 0.3019662921348314 0.08874313834805728 0.17977528089887637
4 0.613741262115104 0.6488764044943821 0.1280100137233039 0.3370786516853933
4 0.7672747448323182 0.4578651685393258 0.0706803756754438 0.16011235955056186
4 0.5646576678960459 0.4761235955056179 0.09266982588558208 0.28651685393258425
4 0.6255213247276781 0.3553370786516854 0.038481537867741694 0.1292134831460674
4 0.8289237391714553 0.2183988764044944 0.029057487777682384 0.11376404494382023
4 0.8846827022043056 0.23806179775280895 0.024345462732652833 0.07162921348314608
4 0.8874313834805727 0.1776685393258427 0.020418775195128233 0.0379213483146067
4 0.8462011643365639 0.16081460674157305 0.02120411270263318 0.07162921348314608
