4 0.7670157068062826 0.4549017505613828 0.09075043630017447 0.19194825152332798
1 0.5933682373472949 0.3128912555319288 0.07504363001745197 0.3136715329771456
4 0.8272251308900525 0.22159879444156555 0.04886561954624782 0.09675440320688075
4 0.8464223385689355 0.14591188225553786 0.03664921465968576 0.03589276247997189
4 0.880890052356021 0.2239396267772159 0.02705061082024429 0.07646718963124446
4 0.9904013961605586 0.35268540523798464 0.019197207678883076 0.13732883035815327
3 0.2495636998254799 0.3487840180119007 0.06457242582897033 0.326155972100614
3 0.3298429319371728 0.30820959086062816 0.06631762652705056 0.32303486231974704
3 0.4096858638743456 0.25593100203110386 0.04275741710296679 0.29026320962064217
3 0.4637870855148342 0.22237907188678233 0.0410122164048866 0.2668548862641388
3 0.5017452006980803 0.19272852896854473 0.040139616055846476 0.2606126667024046
3 0.5296684118673647 0.1927285289685447 0.02443280977312391 0.23252267867460052
3 0.5506108202443281 0.16229770860509027 0.02443280977312391 0.22471990422243265
3 0.5946771378708552 0.0990952355425311 0.02879581151832454 0.10455717765904854
3 0.6400523560209425 0.1295260559059855 0.030541012216404866 0.19662991619462858
0 0.681064572425829 0.11470078444686667 0.020069808027923273 0.1732215928381252
0 0.7011343804537522 0.11001911977556598 0.020069808027923273 0.14201049502945398
0 0.7225130890052356 0.09675440320688075 0.015706806282722568 0.14044994013902043
2 0.662739965095986 0.04057442715127257 0.016579406631762765 0.04057442715127257
2 0.6265270506108203 0.03355193014432155 0.0209424083769634 0.05461942116517461
2 0.45418848167539266 0.06320247306255919 0.02705061082024429 0.04837720160344037
2 0.48472949389179754 0.05149831138430749 0.021815008726003525 0.0468166467130068
4 0.8219895287958116 0.9595834152326834 0.11518324607329845 0.0808331695346331
