1 0.23909249563699825 0.9119864910744598 0.12390924956369982 0.17602701785108024
1 0.5222513089005235 0.9463186986639982 0.09860383944153575 0.10736260267200351
1 0.5977312390924956 0.7475057925176753 0.12041884816753935 0.49937756493873925
1 0.44502617801047123 0.8005646587924165 0.13089005235602094 0.3963809421701244
1 0.4694589877835951 0.5750644771247669 0.10296684118673653 0.2887026547302087
1 0.3237347294938918 0.6975680360238015 0.11867364746945902 0.5399519920900119
1 0.3289703315881326 0.44163703399269755 0.06806282722513082 0.16229770860509035
1 0.36867364746945896 0.4112062136292431 0.07940663176265268 0.21691712977026484
1 0.3115183246073298 0.32771652699104764 0.04363001745200691 0.10611773254948212
3 0.2844677137870855 0.31835319764844633 0.048865619546247754 0.26529433137370523
3 0.24345549738219893 0.316012365312796 0.0401396160558464 0.21379601998939776
3 0.23036649214659685 0.245007117798069 0.0383944153577661 0.177903257509426
3 0.2993019197207679 0.1716610379476916 0.038394415357766186 0.07802774452167802
3 0.36038394415357766 0.2083340778728803 0.04886561954624782 0.17634270261899232
3 0.41273996509598604 0.25437044714067036 0.05235602094240839 0.27777877049717375
3 0.44720767888307156 0.24188600801720184 0.03054101221640494 0.2746576607163066
3 0.48691099476439786 0.21457629743461454 0.03839441535776622 0.2512493373598032
3 0.5205061082024433 0.19116797407811112 0.03054101221640494 0.22628045911286626
3 0.5702443280977313 0.16307798605030704 0.030541012216404796 0.20443269064679637
0 0.6483420593368237 0.12172328145381771 0.019197207678883076 0.1498132694816218
0 0.6644851657940662 0.11938244911816737 0.016579406631762765 0.16385826349552385
0 0.681500872600349 0.11860217167295058 0.015706806282722568 0.14357104991988756
0 0.7059336823734731 0.1139205070016499 0.02094240837696347 0.11860217167295056
2 0.7526178010471205 0.11860217167295058 0.021815008726003383 0.11860217167295056
1 0.8110820244328097 0.5126422815074245 0.10732984293193709 0.41978926552662776
4 0.8263525305410121 0.2278410140032998 0.047120418848167415 0.10923884233034922
4 0.8800174520069808 0.22081851699634877 0.02356020942408378 0.06710386028864307
4 0.9912739965095986 0.34332207589538327 0.01745200698080282 0.11860217167295062
2 0.09497558476182592 0.6609755332487677 0.1853683451284469 0.48729271840612454
2 0.6295811518324608 0.04447581437735646 0.016579406631762765 0.07334607985037733
2 0.5061082024432809 0.06944469262429344 0.022687609075043653 0.04213498204170613
2 0.5301047120418848 0.06398275050777597 0.02006980802792313 0.0468166467130068
