1 0.6012216404886562 0.9549017505613828 0.11343804537521819 0.09019649887723431
1 0.25043630017452007 0.9182287106361942 0.15008726003490402 0.16354257872761166
1 0.4354275741710297 0.8152320878675792 0.1169284467713787 0.36953582426484166
1 0.6016579406631762 0.7459452376272417 0.10383944153577658 0.30586875852497786
1 0.3403141361256544 0.703029978140319 0.08551483420593371 0.5602392056656482
1 0.47774869109947643 0.6062755749334382 0.09162303664921467 0.30430820363454425
1 0.3232984293193719 0.45568202800659974 0.06893542757417126 0.2091143553180968
1 0.38089005235602097 0.42056954297184446 0.07242582897033159 0.2574915569215374
3 0.2770506108202443 0.4026231617318585 0.04275741710296682 0.2933843194015094
3 0.23778359511343805 0.3409812435597329 0.06369982547993018 0.30430820363454425
3 0.20636998254799302 0.28402099005890796 0.04450261780104711 0.20287213575636284
3 0.28664921465968585 0.21301574254418099 0.04799301919720765 0.16073715371465674
3 0.3342059336823735 0.2278410140032998 0.04886561954624785 0.23096212378416694
3 0.393979057591623 0.30586875852497786 0.05846422338568935 0.259052111811971
3 0.4223385689354276 0.2574915569215374 0.059336823734729476 0.2808998802780408
3 0.44938917975567194 0.22940156889373334 0.03490401396160557 0.2621732215928381
3 0.49869109947643975 0.21691712977026484 0.039267015706806345 0.25905211181197096
3 0.5641361256544503 0.16619909583117415 0.034031413612565446 0.22003823955113197
3 0.5981675392670157 0.14435132736510434 0.028795811518324683 0.20131158086592926
0 0.6710296684118674 0.11235995211121633 0.015706806282722568 0.1529343792624889
0 0.6893542757417103 0.10533745510426532 0.020942408376963328 0.14201049502945398
0 0.7168411867364748 0.11938244911816735 0.021815008726003525 0.15761604393378958
1 0.7460732984293194 0.21769740721548167 0.0401396160558464 0.19819047108506216
1 0.8019197207678883 0.5149831138430748 0.0872600349040141 0.40886538129359273
4 0.8219895287958116 0.2278410140032998 0.050610820244328066 0.10923884233034922
4 0.8835078534031413 0.22081851699634875 0.025305410122164033 0.06398275050777595
4 0.9899650959860383 0.36360928947101956 0.020069808027923273 0.12172328145381776
0 0.7652705061082026 0.08817135130949616 0.022687609075043583 0.057740530946041736
2 0.631326352530541 0.05071803393909072 0.027050610820244358 0.07022497006951021
2 0.5296684118673647 0.06164191817212563 0.027923211169284486 0.06398275050777598
2 0.49694589877835954 0.06398275050777597 0.03228621291448519 0.05305886627474106
2 0.10787648408143106 0.5145465976448389 0.14535986042266325 0.37276580827325345
2 0.03010471204188484 0.5212253334048087 0.06020942408376968 0.4119864910744599
