3 0.1863001745200698 0.3690712315875371 0.10383944153577662 0.1981904710850622
3 0.41404886561954624 0.24578739524328574 0.05846422338568935 0.30430820363454425
3 0.4598603839441536 0.2426662854624186 0.05759162303664923 0.26061266670240457
3 0.4908376963350786 0.21691712977026484 0.05671902268760911 0.2309621237841669
3 0.5475567190226875 0.1685399281668245 0.04450261780104711 0.25593100203110386
2 0.13525305410122165 0.6078361298238714 0.0855148342059337 0.4104259361840268
2 0.06806282722513089 0.4915747904865715 0.07504363001745201 0.36829095414232027
2 0.4733856893542757 0.08505024152862903 0.02356020942408378 0.07334607985037735
2 0.5082897033158813 0.07256580240516054 0.034031413612565446 0.07646718963124445
2 0.6570680628272251 0.052278588829524276 0.027923211169284486 0.05774053094604174
2 0.5964223385689355 0.049157479048657145 0.03054101221640494 0.06398275050777597
1 0.7766143106457242 0.14201049502945398 0.0401396160558464 0.15605548904335603
4 0.6178010471204188 0.649190834420361 0.16753926701570676 0.3526854052379846
4 0.7648342059336823 0.4494398084448653 0.06020942408376953 0.1622977086050902
4 0.6221640488656196 0.35814734735450204 0.05584642233856904 0.14513160481032109
4 0.5615183246073299 0.4845522934796205 0.08987783595113434 0.2918237645110758
4 0.8272251308900523 0.2153565748798313 0.040139616055846546 0.11548106189208346
4 0.8459860383944156 0.15761604393378958 0.02879581151832454 0.05930108583647533
4 0.8900523560209425 0.1841454770711601 0.024432809773123978 0.06554330539820953
4 0.8852530541012216 0.23486351101025082 0.0410122164048866 0.07334607985037735
