1 0.393542757417103 0.7342410759489901 0.14310645724258295 0.4697270220205016
1 0.31631762652705064 0.9182287106361942 0.11954624781849915 0.16354257872761166
1 0.4201570680628272 0.4868931258152708 0.06719022687609076 0.31211097808671207
2 0.5191972076788831 0.4775297964726694 0.05759162303664923 0.4088653812935928
3 0.32853403141361254 0.401062606841425 0.08813263525305412 0.24968878246936974
3 0.3468586387434555 0.23876489823633473 0.051483420593368266 0.2278410140032998
3 0.387870855148342 0.23018184633895017 0.042757417102966856 0.22315934933199916
3 0.4363001745200698 0.23564378845546755 0.03490401396160557 0.26841544115457233
3 0.47469458987783597 0.22003823955113203 0.03490401396160564 0.2621732215928382
3 0.5087260034904014 0.17244131539290844 0.04013961605584633 0.23252267867460052
3 0.5676265270506108 0.1724413153929084 0.035776614310645695 0.23564378845546763
3 0.5986038394415358 0.1482527145911882 0.02094240837696326 0.19975102597549568
3 0.6212914485165794 0.14279077247467076 0.02443280977312391 0.17634270261899232
3 0.6365619546247818 0.13186688824163587 0.021815008726003525 0.19194825152332792
1 0.7198952879581152 0.19662991619462858 0.050610820244328066 0.21223546509896418
0 0.6793193717277487 0.11157967466599956 0.02006980802792313 0.15761604393378958
0 0.7076788830715531 0.08426996408341227 0.015706806282722568 0.10299662276861499
0 0.7277486910994765 0.06398275050777597 0.013961605584642314 0.05305886627474106
2 0.6636125654450262 0.049157479048657145 0.016579406631762623 0.045256091822573244
2 0.6273996509598604 0.032771652699104765 0.01745200698080282 0.043695536932139685
2 0.5580279232111692 0.036673039925188666 0.04450261780104718 0.060861640726908854
2 0.47600349040139617 0.07022497006951021 0.030541012216404866 0.05930108583647529
4 0.7561082024432809 0.5212253334048091 0.07940663176265261 0.259052111811971
4 0.8171902268760909 0.9431975888831312 0.1527050610820244 0.11360482223373779
4 0.993019197207679 0.362048734580586 0.013961605584642172 0.15605548904335598
4 0.8263525305410121 0.21379601998939776 0.0418848167539268 0.09051218364514653
4 0.8804537521815008 0.22628045911286623 0.03664921465968576 0.06554330539820953
