4 0.22775175644028103 0.6261479805932332 0.0925058548009368 0.2554851292052658
4 0.07552693208430913 0.7078194563227853 0.062060889929742374 0.23035544436540356
4 0.12822014051522249 0.795773353262303 0.09016393442622951 0.26804997162519684
4 0.06615925058548008 0.3329683241281742 0.031615925058548 0.12564842419931097
4 0.08489461358313818 0.27747360344014516 0.038641686182669804 0.07748319492290846
4 0.12177985948477751 0.27119118223017963 0.028103044496487133 0.08167147572955219
4 0.1434426229508197 0.29213258626339816 0.031615925058548 0.08585975653619585
2 0.18442622950819673 0.17800193428235725 0.024590163934426243 0.0795773353262303
2 0.22131147540983606 0.16439002166076525 0.023419203747072608 0.09423631814948327
2 0.43032786885245905 0.1926609171056102 0.03629976580796253 0.10051873935944881
2 0.5011709601873536 0.21988474234879427 0.03512880562060893 0.1130835817793799
2 0.8723653395784544 0.35076851755640986 0.035128805620608855 0.14449568782920771
2 0.9314988290398127 0.43976948469758853 0.0199063231850117 0.10051873935944883
1 0.16295728777747215 0.47901234897659284 0.09881993942428596 0.26951179266633646
3 0.33021077283372363 0.2711911822301794 0.04449648711943782 0.1989433383155756
3 0.5755269320843092 0.3999808170344734 0.05503512880562056 0.32249762211156496
0 0.6820843091334895 0.4701345205457552 0.06440281030444966 0.37066285138796734
0 0.7578618122363838 0.5101372859592129 0.16354016793316803 0.4286241897425623
0 0.8577069035079458 0.593624570970404 0.18541838356926932 0.4420911362951264
