4 0.06088992974238876 0.3413448857414616 0.04449648711943793 0.1424015474258858
4 0.08665105386416862 0.27433239283516236 0.03278688524590165 0.083765616132874
4 0.12119437939110071 0.2764265332384842 0.031615925058548024 0.10889530097273621
4 0.1451990632318501 0.3088857094899729 0.03278688524590164 0.1277425646026329
2 0.22482435597189693 0.17904900448401817 0.03747072599531612 0.10680116056941437
3 0.27576112412177983 0.22093181255045521 0.04098360655737704 0.19056677670228836
3 0.33489461358313816 0.28794430545675437 0.049180327868852486 0.2575792696085875
3 0.44379391100702575 0.32982711352319144 0.053864168618266955 0.28270895444844973
3 0.6633489461358315 0.43139292308430116 0.07377049180327859 0.42301636147101385
2 0.5450819672131147 0.21150818073550684 0.040983606557377004 0.1298367050059547
2 0.3870023419203747 0.18009607468567912 0.029274004683840716 0.0795773353262303
2 0.4455503512880562 0.1717195130723917 0.024590163934426243 0.041882808066437
2 0.8313817330210773 0.35914507916969735 0.03981264637002326 0.19894333831557579
2 0.9344262295081966 0.461757958932468 0.025761124121779774 0.11517772218270174
4 0.2259953161592506 0.6355716124081815 0.11241217798594849 0.2701441120285187
4 0.08372365339578454 0.7214313689443773 0.09016393442622953 0.24501442718865646
4 0.13114754098360656 0.8072911254805735 0.07962529274004682 0.2827089544484499
0 0.8190998541283997 0.5887604230794409 0.16222772469764493 0.35796683474325625
0 0.8749066565681105 0.6265689615133312 0.16572270011501417 0.3886861581306826
