1 0.5388307155322862 0.8729726188136209 0.12303664921465973 0.2540547623727582
1 0.3486038394415358 0.8815556707110055 0.12652705061082029 0.23688865857798902
1 0.44284467713787096 0.7248777466063888 0.10907504363001733 0.3355193014432156
1 0.294066317626527 0.6437288923038436 0.11169284467713787 0.3292770818814812
1 0.35122164048865623 0.5017183972743896 0.08464223385689355 0.22940156889373334
1 0.34773123909249565 0.39091900005360686 0.0706806282722513 0.14825271459118824
1 0.3298429319371728 0.30586875852497786 0.038394415357766186 0.08739107386427936
3 0.26745200698080274 0.3745331737040544 0.08464223385689355 0.2278410140032998
3 0.2024432809773124 0.2808998802780408 0.06980802792321118 0.2153565748798313
3 0.28752181500872603 0.22628045911286626 0.05671902268760906 0.19038769663289437
3 0.3586387434554974 0.22550018166764943 0.059336823734729476 0.1857060319615937
3 0.40183246073298434 0.2808998802780408 0.0514834205933682 0.2965054291823765
3 0.43324607329842935 0.24812822757893607 0.03403141361256537 0.26529433137370523
3 0.47425828970331596 0.23174240122938372 0.028795811518324613 0.27309710582587304
3 0.512216404886562 0.19506936130419505 0.036649214659685896 0.24032545312676828
3 0.5493019197207678 0.16463854094074062 0.02356020942408378 0.22628045911286626
3 0.6103839441535777 0.13810910780337007 0.03054101221640494 0.17946381239985942
0 0.6609947643979058 0.11860217167295058 0.021815008726003383 0.14981326948162177
0 0.6823734729493893 0.11626133933730025 0.022687609075043583 0.14825271459118824
0 0.7015706806282722 0.11235995211121635 0.020942408376963328 0.15917659882422316
0 0.7159685863874345 0.0944135708712304 0.014834205933682369 0.12640494612511838
2 0.7783595113438045 0.2434465629076354 0.045375218150087306 0.1841454770711601
1 0.7966841186736474 0.46972702202050165 0.04712041884816756 0.337079856333649
4 0.8342059336823735 0.21379601998939776 0.041884816753926656 0.07490663474081088
4 0.8743455497382199 0.22081851699634883 0.02617801047120423 0.07646718963124446
4 0.9921465968586388 0.34878401801190073 0.015706806282722426 0.1014360678781814
0 0.7395287958115184 0.10533745510426527 0.021815008726003463 0.12952605590598545
2 0.637434554973822 0.04135470459648935 0.021815008726003456 0.06398275050777597
2 0.662739965095986 0.032771652699104765 0.013089005235602257 0.03745331737040544
2 0.47774869109947643 0.07958829941211157 0.020069808027923273 0.062422195617342406
2 0.39703315881326356 0.09987551298774786 0.027923211169284486 0.0436955369321397
