0 0.8405283586639982 0.5843711439137684 0.18276922929006786 0.45621137567588804
3 0.6621779859484778 0.4408165548992494 0.08079625292740059 0.3664745705813239
3 0.3911007025761124 0.2921325862633981 0.06557377049180331 0.2701441120285187
1 0.3483606557377048 0.5549472068802901 0.10421545667447292 0.3643804301780016
1 0.08782201405152225 0.4910759245789738 0.06323185011709602 0.2031316191222195
1 0.4923887587822014 0.8853218342112205 0.16510538641686176 0.22935633157755916
2 0.8337236533957845 0.3518155877580708 0.04683840749414515 0.19266091710561026
2 0.9291569086651055 0.45547553772250254 0.038641686182669874 0.14868396863585154
2 0.5011709601873536 0.20313161912221947 0.030444964871194385 0.09633045855280514
2 0.22892271662763466 0.16334295145910432 0.03395784543325526 0.09214217774616143
2 0.20280621046544922 0.16710116031052305 0.0397208853402875 0.06336778025052374
3 0.1902810304449649 0.2272142337604207 0.02927400468384075 0.14449568782920766
4 0.06850117096018737 0.3277329731198695 0.038641686182669804 0.11098944137605805
4 0.09016393442622951 0.27747360344014516 0.042154566744730684 0.0691066333096211
4 0.12822014051522246 0.2670029014235359 0.024590163934426226 0.06491835250297737
4 0.14402810304449648 0.30679156908665106 0.028103044496487133 0.10261287976277064
4 0.22658079625292743 0.6251009103915722 0.09484777517564406 0.25339098880194383
4 0.07575758025909236 0.706136865767019 0.0854258049339587 0.2499918710183971
4 0.12470725995316162 0.7936792128589814 0.0714285714285715 0.28061481404512767
