2 0.8372365339578454 0.3465802367497662 0.04918032786885235 0.20731989992886318
2 0.9373536299765809 0.45966381852914606 0.026932084309133443 0.12355428379598926
2 0.44789227166276346 0.1759077938790354 0.03629976580796253 0.054447650486368106
2 0.2224824355971897 0.1581076004507997 0.03747072599531613 0.09004803734283956
0 0.8197438615158126 0.572244618743662 0.18186470174741273 0.35019405220789523
0 0.8691201635734396 0.6020809083368637 0.18406731786617783 0.4079686227426944
3 0.5831381733021077 0.4041690978411168 0.07494145199063248 0.3560038685647144
3 0.4361826697892272 0.3235446923132258 0.05035128805620609 0.24501442718865646
3 0.3378220140515223 0.2858501650534325 0.048009367681498855 0.24920270799530017
3 0.2617096018735363 0.21360232113882874 0.038641686182669804 0.18847263629896652
4 0.1451990632318501 0.306791569086651 0.04215456674473067 0.11936600298934544
4 0.1252927400468384 0.2690970418268578 0.037470725995316166 0.08585975653619587
4 0.08840749414519906 0.2806148140451279 0.031615925058548024 0.08376561613287403
4 0.06557377049180325 0.3392507453381398 0.0398126463700234 0.14240154742588582
4 0.23302107728337235 0.6093948573666584 0.10538641686182668 0.2722382524318406
4 0.0819672131147541 0.7161960179360727 0.0702576112412178 0.2471085675919783
4 0.13700234192037467 0.7989145638672855 0.0796252927400468 0.30783863928831195
