3 0.2054973821989529 0.3581473473545021 0.09685863874345552 0.2637337764832717
3 0.41841186736474695 0.2356437884554676 0.06719022687609076 0.29338431940150933
3 0.4716404886561955 0.23408323356503405 0.04624781849912743 0.24968878246936968
3 0.5100349040139617 0.20989463276331385 0.03228621291448519 0.245007117798069
3 0.5493019197207679 0.16775965072160773 0.039267015706806206 0.2574915569215374
2 0.14504993663217658 0.637081835220927 0.15510830758382485 0.48008739560834685
2 0.07155322862129145 0.5664814252273823 0.08726003490401396 0.4057442715127256
2 0.662303664921466 0.04603636926779003 0.029668411867364738 0.05149831138430749
2 0.6003490401396161 0.03979414970605579 0.04013961605584633 0.06398275050777597
2 0.5082897033158813 0.057740530946041736 0.035776614310645695 0.06866441517907665
2 0.4729493891797557 0.07880802196689479 0.02617801047120416 0.07334607985037733
4 0.6282722513089006 0.6437288923038436 0.1273996509598598 0.3573670699092849
4 0.7700698080279232 0.46270452501355064 0.0776614310645725 0.1919482515233279
4 0.6226003490401396 0.36360928947101956 0.06020942408376961 0.14981326948162174
4 0.5728621291448517 0.500157842383956 0.081151832460733 0.31055042319627846
4 0.8272251308900523 0.2075538004276635 0.04363001745200705 0.09987551298774788
4 0.8839441535776615 0.23330295611981725 0.036649214659685896 0.07022497006951024
4 0.8843804537521816 0.17946381239985942 0.02356020942408378 0.04057442715127259
4 0.8477312390924956 0.15293437926248893 0.03228621291448505 0.04369553693213968
1 0.9803664921465969 0.30196737129889395 0.02356020942408364 0.2044326906467964
