1 0.17320760348024053 0.4782284451842522 0.12178216986974327 0.2747074848341768
1 0.09367681498829039 0.48584057357066923 0.051522248243559714 0.2094140403321851
4 0.06323185011709602 0.3319212539265132 0.03747072599531615 0.10261287976277067
4 0.08665105386416862 0.27328532263350147 0.04215456674473067 0.06073007169633364
4 0.1206088992974239 0.26490876102021405 0.030444964871194385 0.08585975653619585
4 0.14285714285714285 0.2910855160617372 0.03278688524590162 0.07957733532623028
4 0.2295081967213115 0.6062536467616756 0.0889929742388759 0.21988474234879427
4 0.07874002322745005 0.7101401822719049 0.0862959736138243 0.23782335595215784
4 0.13114754098360654 0.7957733532623031 0.06323185011709599 0.2806148140451279
3 0.5702142444585523 0.3889076223812791 0.16599892517385498 0.3461410750218103
3 0.6574941451990632 0.4659462397391117 0.06206088992974222 0.37485113219461125
2 0.8348946135831382 0.3570509387663755 0.04683840749414515 0.19894333831557579
2 0.931498829039813 0.4680403801424334 0.029274004683841035 0.14030740702256392
0 0.8417313300916953 0.5871955448577972 0.21057936835372432 0.4404066677083216
2 0.4291569086651055 0.18847263629896652 0.04566744730679154 0.11727186258602361
2 0.538056206088993 0.21150818073550684 0.04098360655737693 0.1047070201660925
2 0.22775175644028103 0.15915467065246058 0.026932084309133478 0.08376561613287398
3 0.1926229508196721 0.21883767214713334 0.026932084309133478 0.14868396863585137
