1 0.40881326352530517 0.8784345609301387 0.1457242582897034 0.24313087813972264
1 0.2212041884816754 0.8589276247997187 0.1300174520069808 0.2821447504005623
1 0.2456369982547993 0.6936666487977177 0.08289703315881326 0.22315934933199918
1 0.37216404886561955 0.6460697246394939 0.11780104712041886 0.2965054291823764
1 0.3390052356020942 0.46582563479441774 0.04624781849912736 0.11392050700164993
1 0.3778359511343804 0.3995020519509914 0.08726003490401396 0.2465676726885026
3 0.2905759162303665 0.38311622560143904 0.06631762652705063 0.29806598407281
3 0.2020069808027923 0.36516984436145306 0.09685863874345549 0.26217322159283807
3 0.27399650959860383 0.2005313034207125 0.043630017452007015 0.08270940919297871
3 0.3983420593368237 0.2489085050241529 0.05846422338568935 0.26997599604500594
3 0.43368237347294936 0.24656767268850252 0.0401396160558464 0.29026320962064217
3 0.47643979057591623 0.23174240122938372 0.04712041884816756 0.2793393253876073
3 0.5004363001745201 0.21223546509896407 0.04101221640488659 0.2715365509354393
3 0.531413612565445 0.181024367290293 0.031413612565445066 0.2403254531267683
3 0.5776614310645724 0.1568357664885728 0.033158813263525315 0.21067491020853066
3 0.6082024432809773 0.1334274431320694 0.02966841186736481 0.1888271417424608
0 0.6788830715532285 0.11704161678251701 0.02094240837696347 0.14357104991988753
0 0.6989528795811517 0.10377690021383178 0.015706806282722568 0.15761604393378958
0 0.7133507853403143 0.0936332934260136 0.016579406631762623 0.13420772057728617
2 0.7705061082024433 0.15449493415292248 0.020942408376963328 0.1498132694816218
1 0.7299301919720768 0.15059354692683857 0.016579406631762623 0.15137382437205535
2 0.6396160558464223 0.03979414970605579 0.01745200698080275 0.06398275050777597
2 0.6614310645724256 0.03901387226083901 0.013961605584642172 0.0436955369321397
4 0.7635253054101221 0.50405922961004 0.10296684118673653 0.22784101400329987
4 0.9908376963350785 0.3667303992518866 0.01832460732984302 0.14357104991988756
1 0.9677137870855148 0.36360928947101956 0.04537521815008717 0.18102436729029298
4 0.8272251308900523 0.2239396267772159 0.041884816753926656 0.09519384831644719
4 0.881326352530541 0.23018184633895014 0.038394415357766006 0.07958829941211157
