2 0.131326352530541 0.6218811238377737 0.11780104712041883 0.4197892655266277
2 0.0907504363001745 0.5477547665421797 0.09773123909249563 0.387017612827523
3 0.5414485165794066 0.1958496387494118 0.06369982547993011 0.245007117798069
3 0.6007853403141361 0.15527521159813926 0.034031413612565446 0.18882714174246082
3 0.6287085514834206 0.13966966269380365 0.034031413612565446 0.19506936130419505
0 0.6697207678883071 0.11938244911816737 0.02705061082024443 0.13264716568685261
0 0.6989528795811517 0.11704161678251702 0.029668411867364596 0.1310866107964191
0 0.7168411867364748 0.10065579043296463 0.020069808027923273 0.15449493415292245
2 0.6618673647469459 0.04135470459648935 0.021815008726003525 0.03901387226083901
2 0.6321989528795812 0.03199137525388798 0.014834205933682369 0.02965054291823765
2 0.5628272251308901 0.036673039925188666 0.02094240837696326 0.06398275050777597
4 0.6256544502617801 0.6577738863177456 0.1518324607329843 0.32303486231974704
4 0.7718150087260035 0.4572425828970331 0.06544502617801044 0.17166103794769158
4 0.5776614310645725 0.4884536807057044 0.0959860383944153 0.23408323356503402
4 0.6226003490401396 0.3526854052379847 0.04275741710296679 0.11548106189208349
4 0.8241710296684118 0.22315934933199913 0.04624781849912736 0.11235995211121633
4 0.8451134380453752 0.14825271459118824 0.034031413612565446 0.0468166467130068
4 0.8791448516579407 0.16151743115987352 0.028795811518324683 0.0514983113843075
4 0.8808900523560209 0.22237907188678235 0.021815008726003525 0.054619421165174625
4 0.9825479930191972 0.35970790224493565 0.03490401396160564 0.16073715371465666
