2 0.1417975567190227 0.6296838982899416 0.11431064572425828 0.4073048264031593
2 0.08638743455497383 0.5539969861039139 0.09773123909249565 0.36516984436145306
3 0.49694589877835954 0.20365241320157965 0.04973821989528801 0.22003823955113197
3 0.5942408376963351 0.16307798605030704 0.03141361256544492 0.20131158086592926
3 0.6269633507853404 0.13108661079641906 0.030541012216404796 0.1841454770711601
0 0.6732111692844677 0.12640494612511838 0.02705061082024429 0.15917659882422314
0 0.6963350785340314 0.10845856488513242 0.020942408376963328 0.13888938524858685
0 0.7120418848167539 0.09519384831644719 0.020942408376963328 0.1342077205772862
2 0.667975567190227 0.03745331737040545 0.01832460732984288 0.043695536932139685
2 0.6243455497382199 0.019506936130419504 0.01832460732984288 0.029650542918237644
2 0.5078534031413612 0.04993775649387393 0.033158813263525315 0.07178552495994378
4 0.618673647469459 0.6491908344203611 0.15357766143106452 0.32147430742931343
4 0.5711169284467714 0.5095211717265574 0.11256544502617799 0.2606126667024046
4 0.6199825479930192 0.35658679246406855 0.042757417102966926 0.12952605590598548
4 0.7683246073298429 0.4564623054518164 0.07417102966841185 0.17322159283812524
4 0.8228621291448516 0.22550018166764946 0.04886561954624782 0.10767828743991564
4 0.8429319371727749 0.15683576648857278 0.029668411867364738 0.048377201603440396
4 0.8839441535776615 0.17088076050247486 0.02094240837696347 0.048377201603440376
4 0.8861256544502618 0.23174240122938372 0.035776614310645695 0.06086164072690885
4 0.9899650959860383 0.33942068866929936 0.020069808027923273 0.13888938524858688
