2 0.12827225130890052 0.6093966847143054 0.106457242582897 0.3948203872796907
2 0.0911867364746946 0.5532167086586971 0.10209424083769633 0.38233594815622224
3 0.21902268760907503 0.401062606841425 0.10994764397905761 0.25280989225023676
3 0.4576788830715532 0.22940156889373334 0.06020942408376967 0.29650542918237643
3 0.5344677137870855 0.17088076050247486 0.04973821989528794 0.23876489823633473
3 0.5641361256544503 0.18258492218072658 0.025305410122164106 0.21223546509896424
3 0.581588132635253 0.17010048305725806 0.02356020942408378 0.20599324553722995
3 0.6108202443280978 0.14201049502945398 0.03490401396160557 0.1997510259754957
0 0.6897905759162303 0.11157967466599956 0.03228621291448519 0.14513160481032109
0 0.7425828970331588 0.10767828743991564 0.027923211169284343 0.13108661079641906
2 0.662303664921466 0.05383914371995782 0.019197207678883076 0.05149831138430749
2 0.5920593368237347 0.020287213575636284 0.0200698080279232 0.034332207589538324
2 0.4445898778359511 0.08426996408341225 0.02356020942408378 0.04993775649387393
1 0.988656195462478 0.34410235334060024 0.022687609075043663 0.1576160439337897
4 0.6151832460732984 0.6421683374134101 0.13089005235602094 0.33551930144321546
4 0.7735602094240838 0.4525609182257324 0.06544502617801058 0.18414547707116008
4 0.6195462478184991 0.35970790224493565 0.04886561954624782 0.1264049461251184
4 0.5636998254799301 0.486112848370054 0.06282722513088998 0.26061266670240457
4 0.8285340314136127 0.22003823955113197 0.03577661431064558 0.12172328145381771
4 0.8490401396160558 0.15761604393378958 0.027923211169284343 0.04057442715127255
4 0.882198952879581 0.1732215928381252 0.019197207678883076 0.04057442715127257
4 0.8843804537521817 0.22471990422243265 0.03054101221640494 0.06242219561734242
