3 0.41803278688524587 0.3162152009015994 0.04215456674473067 0.25548512920526567
0 0.8341955147171456 0.5784971357259505 0.19989271606124617 0.4114409104272744
2 0.9227166276346606 0.4732757311507382 0.04449648711943795 0.154966389845817
2 0.8588992974238876 0.3465802367497662 0.04800936768149881 0.17800193428235725
2 0.18442622950819673 0.18009607468567912 0.03161592505854799 0.07120077371294288
2 0.2213114754098361 0.16962537266906985 0.030444964871194385 0.10051873935944881
4 0.06791569086651053 0.3371566049348179 0.0351288056206089 0.13402498581259842
4 0.08606557377049182 0.27747360344014516 0.03629976580796254 0.10261287976277064
4 0.1252927400468384 0.27433239283516236 0.028103044496487116 0.08795389693951769
4 0.1481264637002342 0.28794430545675437 0.03161592505854799 0.09004803734283953
1 0.17765125800232234 0.49146497857923244 0.12168990464975891 0.2800814494758261
4 0.08840749414519902 0.7067723861211246 0.0644028103044496 0.2366378655753691
4 0.12704918032786885 0.7873967916490155 0.08079625292740047 0.26804997162519684
4 0.22892271662763464 0.6104419275683193 0.09250585480093672 0.23663786557536903
1 0.4707259953161592 0.5360999432503937 0.08899297423887596 0.4900288543773129
0 0.6683342991463431 0.47105558040110923 0.10944895714828505 0.3506960118131659
2 0.5017564402810305 0.20208454892055855 0.03161592505854806 0.09423631814948326
