0 0.705625750493181 0.0919943820224719 0.019633437687623285 0.1446629213483146
3 0.35575789089973403 0.2914325842696629 0.09581117591560169 0.33848314606741575
3 0.44724971052405865 0.25140449438202245 0.05732963804786003 0.2612359550561797
3 0.48926526717557245 0.21418539325842695 0.04397890042027612 0.23174157303370785
3 0.5403122051633931 0.16362359550561797 0.05026160048031571 0.23455056179775283
3 0.24149128355776647 0.4002808988764045 0.102879213483146 0.22471910112359542
2 0.14919809343677037 0.6150417764470392 0.22399380924942108 0.4079102951180013
2 0.05654430054035508 0.3644662921348315 0.05811497555536494 0.14185393258426962
2 0.39620277253623803 0.11095505617977527 0.02591613774766273 0.0758426966292135
2 0.44685704177030616 0.09058988764044944 0.02670147525516761 0.07162921348314605
2 0.49436996097435454 0.06882022471910113 0.0274868127626727 0.07865168539325844
2 0.5956784994424907 0.0351123595505618 0.022774787717643078 0.0702247191011236
2 0.6581128312891328 0.04845505617977529 0.023560125225147884 0.054775280898876406
4 0.5681916866798181 0.45926966292134835 0.10130853846813614 0.27247191011235955
4 0.627091999742688 0.3490168539325843 0.04005221288275152 0.10814606741573037
4 0.7621700510335362 0.45926966292134835 0.07460706321296855 0.19382022471910113
4 0.6223799746976583 0.6615168539325843 0.14528743888841233 0.351123595505618
4 0.8257823891414355 0.21067415730337083 0.033769512822712074 0.0955056179775281
4 0.8831120271892956 0.2289325842696629 0.027486812762672487 0.0758426966292135
4 0.8870387147268204 0.1818820224719101 0.02120411270263318 0.05477528089887642
4 0.8458084955828115 0.1601123595505618 0.036125525345226776 0.05337078651685394
