0 0.8110614237716665 0.5841668158961884 0.1773433135792331 0.36216346657461174
0 0.865741211655695 0.6112278461349434 0.17053660024681036 0.3766016290142201
2 0.9332552693208431 0.4586167483274852 0.025761124121779916 0.12146014339266735
2 0.8343091334894612 0.360192149371358 0.04800936768149889 0.2387320059786908
2 0.5491803278688525 0.20103747871889763 0.028103044496487043 0.0879538969395177
2 0.22072599531615925 0.1581076004507997 0.03629976580796253 0.10680116056941437
4 0.12060889929742391 0.265955831221875 0.03278688524590164 0.07957733532623028
4 0.13992974238875877 0.3005091478766855 0.03395784543325528 0.10680116056941437
4 0.08489461358313818 0.27433239283516236 0.038641686182669804 0.07538905451958666
4 0.06733021077283373 0.34029781553980065 0.050351288056206096 0.13193084540927658
4 0.22365339578454332 0.6188184891816068 0.10538641686182668 0.26595583122187494
4 0.07084309133489461 0.7015370351128197 0.08079625292740047 0.23035544436540356
4 0.13700234192037472 0.7999616340689464 0.09133489461358316 0.3099327796916336
3 0.28512880562060894 0.16543709186242617 0.02927400468384075 0.07957733532623029
3 0.29742388758782196 0.28166188424678884 0.042154566744730546 0.21569646154215044
3 0.43911007025761123 0.3183093413049212 0.051522248243559755 0.25548512920526567
3 0.6955503512880563 0.45861674832748506 0.0866510538641687 0.43558120389094457
2 0.44379391100702575 0.1717195130723917 0.025761124121779916 0.041882808066437
