2 0.15661836228229511 0.6476381638648603 0.1849097334694373 0.4885095432909409
2 0.07504363001745201 0.5625800380012985 0.08900523560209424 0.4104259361840264
3 0.21247818499127397 0.3815556707110055 0.10034904013961604 0.26685488626413884
3 0.4232111692844677 0.2434465629076354 0.07329842931937179 0.29650542918237643
3 0.4712041884816754 0.2301818463389501 0.050610820244328066 0.2606126667024045
3 0.5082897033158813 0.21769740721548167 0.034031413612565446 0.2543704471406703
3 0.5471204188481675 0.16307798605030704 0.040139616055846476 0.24188600801720184
2 0.5056719022687609 0.06008136328169208 0.028795811518324683 0.060861640726908854
2 0.4733856893542757 0.07334607985037733 0.02705061082024429 0.053058866274741046
2 0.6653577661431065 0.04993775649387393 0.035776614310645695 0.06242219561734242
2 0.5907504363001744 0.03745331737040545 0.033158813263525315 0.0749066347408109
4 0.5663176265270506 0.4814311836987534 0.06631762652705063 0.2918237645110758
4 0.6243455497382199 0.36751067669710347 0.04450261780104711 0.16385826349552388
4 0.6295811518324608 0.6406077825229766 0.16666666666666663 0.3573670699092853
4 0.7687609075043631 0.45958341523268353 0.08027923211169295 0.19506936130419505
4 0.8215532286212914 0.22315934933199913 0.051483420593368266 0.11235995211121633
4 0.8490401396160558 0.15605548904335603 0.03141361256544485 0.04369553693213966
4 0.887434554973822 0.17790325750942584 0.022687609075043583 0.03745331737040548
4 0.8861256544502618 0.23408323356503405 0.035776614310645695 0.07490663474081088
1 0.988656195462478 0.33005735932669766 0.022687609075043698 0.1326471656868526
