3 0.5778688524590164 0.40312202763945604 0.05971896955503512 0.34134488574146155
3 0.30210772833723654 0.251296848398622 0.044496487119438016 0.20941404033218503
2 0.18208430913348955 0.17590779387903538 0.026932084309133478 0.07957733532623024
2 0.2230679156908665 0.15915467065246058 0.024590163934426243 0.07957733532623029
2 0.8395784543325526 0.34762730695142724 0.049180327868852736 0.20103747871889766
2 0.9303278688524591 0.46385209933578975 0.03395784543325519 0.14449568782920771
0 0.863835478071268 0.5861149124545811 0.16328992044887117 0.46264830978715865
0 0.7588385295514573 0.5033752473328192 0.18824714139669482 0.44264413773308037
4 0.6674477014783942 0.4626429661137908 0.12544570419752632 0.3828931109289204
4 0.23243559718969553 0.6261479805932333 0.10421545667447304 0.251296848398622
4 0.08489461358313818 0.7057253159194634 0.06206088992974239 0.2596734100119095
4 0.1334894613583138 0.8041499148755904 0.11709601873536296 0.27223825243184036
4 0.06323185011709602 0.3423919559431225 0.037470725995316145 0.12355428379598919
4 0.08957845433255268 0.2753794630368233 0.03864168618266979 0.06491835250297733
4 0.12119437939110071 0.27328532263350147 0.029274004683840768 0.0774831949229085
4 0.14929742388758782 0.30050914787668553 0.048009367681498834 0.09842459895612694
1 0.0900521112668086 0.48746620910713817 0.10086144475052981 0.1728831700197044
1 0.162989708543639 0.44384635164912334 0.12104365219329355 0.2695485547371666
2 0.4309133489461358 0.18533142569398375 0.032786885245901586 0.08167147572955218
2 0.5005854800936769 0.21255525093716782 0.03395784543325533 0.07748319492290846
2 0.38407494145199067 0.1664841620640871 0.030444964871194385 0.07329491411626476
