2 0.13176265270506107 0.6148586268308227 0.11867364746945895 0.40886538129359273
2 0.09467713787085515 0.5415125469804454 0.10034904013961608 0.3901387226083901
2 0.6404886561954625 0.03745331737040545 0.03490401396160557 0.04993775649387393
2 0.5091623036649214 0.06788413773385989 0.03403141361256537 0.07646718963124446
2 0.5292321116928447 0.0507180339390907 0.02006980802792313 0.06710386028864308
4 0.9869109947643979 0.34488263078581677 0.02617801047120421 0.1498132694816218
4 0.6287085514834206 0.6335852855160254 0.14572425828970326 0.3245954172101805
4 0.7748691099476441 0.4541214731161661 0.0802792321116928 0.14981326948162177
4 0.5780977312390925 0.5134225589526413 0.09685863874345543 0.2777787704971737
4 0.619109947643979 0.36282901202580287 0.04450261780104718 0.12952605590598554
4 0.8198080279232112 0.23330295611981725 0.04275741710296671 0.12328383634425123
4 0.8420593368237348 0.1529343792624889 0.027923211169284486 0.05305886627474106
4 0.882198952879581 0.17088076050247486 0.03141361256544499 0.06398275050777595
4 0.8804537521815008 0.22940156889373337 0.03839441535776615 0.07490663474081088
3 0.4786212914485165 0.22081851699634883 0.053228621291448446 0.245007117798069
3 0.5471204188481675 0.22471990422243265 0.03490401396160557 0.25593100203110386
3 0.6090750436300173 0.142010495029454 0.02443280977312391 0.18414547707116014
0 0.6348167539267014 0.1381091078033701 0.027050610820244216 0.16697937327639095
0 0.6583769633507853 0.12718522357033513 0.025305410122164033 0.15761604393378956
0 0.6736474694589879 0.10611773254948212 0.022687609075043583 0.17166103794769164
0 0.6980802792321117 0.09987551298774786 0.02617801047120423 0.14669215970075464
