1 0.41404886561954624 0.879995115820572 0.13176265270506107 0.2400097683588561
1 0.20724258289703315 0.8505024152862904 0.11605584642233861 0.2871420998397751
1 0.24040139616055847 0.6749399901125147 0.09336823734729492 0.2512493373598032
1 0.35951134380453753 0.6304641757351583 0.12216404886561953 0.3152320878675793
1 0.3324607329842932 0.44241731143791435 0.05933682373472944 0.12016272656338416
1 0.3782722513089006 0.36985150903275377 0.07242582897033159 0.20911435531809708
3 0.30453752181500865 0.34332207589538327 0.05759162303664919 0.2465676726885026
3 0.2399650959860384 0.362048734580586 0.06631762652705063 0.25280989225023676
3 0.23734729493891799 0.2153565748798313 0.022687609075043653 0.05305886627474106
3 0.3952879581151832 0.23798462079111793 0.04537521815008723 0.24500711779806894
3 0.42801047120418845 0.24188600801720184 0.027050610820244358 0.2621732215928381
3 0.4629144851657941 0.22862129144851656 0.03752181500872602 0.2793393253876073
3 0.49869109947643975 0.20989463276331385 0.0410122164048866 0.23876489823633468
3 0.5296684118673648 0.17634270261899232 0.045375218150087306 0.24968878246936968
3 0.5798429319371727 0.16151743115987346 0.03228621291448519 0.20755380042766347
3 0.6090750436300175 0.13966966269380365 0.036649214659685826 0.2044326906467964
0 0.6753926701570679 0.11626133933730025 0.019197207678883076 0.14825271459118824
0 0.694153577661431 0.10533745510426532 0.025305410122164033 0.15137382437205535
0 0.7111692844677137 0.09597412576166395 0.02094240837696347 0.1295260559059855
0 0.7342931937172775 0.11626133933730025 0.021815008726003525 0.1295260559059855
2 0.7635253054101221 0.1654188183859574 0.031413612565445136 0.15293437926248893
2 0.6448516579406632 0.03823359481562223 0.02617801047120423 0.06398275050777597
2 0.487347294938918 0.06398275050777597 0.021815008726003525 0.04993775649387392
4 0.7748691099476446 0.5040592296100402 0.09947643979057588 0.18414547707116038
4 0.8259162303664922 0.22550018166764943 0.051483420593368266 0.1139205070016499
4 0.8795811518324608 0.21379601998939776 0.02617801047120423 0.062422195617342385
