1 0.2827225130890052 0.8901387226083901 0.14136125654450266 0.21972255478321984
1 0.49345549738219885 0.8768740060397048 0.15619546247818497 0.2462519879205904
1 0.6745200698080274 0.8924795549440393 0.18324607329842846 0.21504089011191904
1 0.43237347294938916 0.7607705090863607 0.10383944153577666 0.4166681557457606
1 0.5724258289703315 0.696007481133368 0.09598603839441537 0.43071314975966274
1 0.48254799301919715 0.582086974131718 0.10820244328097722 0.3370798563336489
1 0.343804537521815 0.685083596900333 0.10994764397905754 0.5555575409943475
1 0.40706806282722513 0.4299328723144458 0.07766143106457242 0.2855815449493415
1 0.3346422338568935 0.3558065150188517 0.07940663176265268 0.19662991619462855
3 0.25174520069808026 0.37921483837535513 0.07766143106457238 0.2528098922502367
3 0.21771378708551484 0.3027476487441107 0.05322862129144852 0.24656767268850255
3 0.2792321116928447 0.23096212378416694 0.059336823734729476 0.2247199042224327
3 0.3416230366492147 0.2301818463389501 0.05322862129144848 0.1763427026189923
2 0.09511343804537521 0.5313689401926273 0.11169284467713787 0.4073048264031593
1 0.7639616055846423 0.2715365509354395 0.06369982547993018 0.25593100203110386
3 0.49694589877835954 0.21457629743461454 0.034031413612565446 0.2793393253876073
3 0.4027050610820244 0.20677352298244678 0.039267015706806276 0.1825849221807266
3 0.43455497382198954 0.24188600801720184 0.033158813263525315 0.29026320962064217
3 0.46160558464223383 0.23096212378416694 0.03141361256544499 0.2871420998397751
3 0.5636998254799301 0.16229770860509027 0.02617801047120423 0.21223546509896424
3 0.6082024432809774 0.14669215970075467 0.034904013961605584 0.19662991619462858
0 0.6849912739965096 0.10689800999469887 0.013961605584642314 0.14201049502945395
0 0.7024432809773125 0.11079939722078276 0.01745200698080282 0.13420772057728617
0 0.7316753926701571 0.09753468065209753 0.02356020942408378 0.11704161678251701
0 0.7587260034904014 0.10143606787818142 0.02879581151832454 0.09987551298774786
2 0.6426701570680627 0.04525609182257325 0.023560209424083708 0.08114885430254513
2 0.6662303664921465 0.05227858882952427 0.02356020942408378 0.04837720160344036
2 0.36082024432809773 0.06554330539820953 0.035776614310645695 0.062422195617342406
2 0.5047993019197208 0.05383914371995782 0.025305410122164033 0.05149831138430749
4 0.8285340314136126 0.22237907188678233 0.0410122164048866 0.10767828743991564
4 0.8730366492146596 0.21769740721548167 0.030541012216404796 0.0795882994121116
4 0.9890924956369983 0.3581473473545021 0.021815008726003525 0.10767828743991562
