2 0.09162303664921467 0.5196647785143756 0.09598603839441536 0.3745331737040544
1 0.29581151832460734 0.8675106766971035 0.14834205933682373 0.2649786466057931
1 0.581588132635253 0.8253756946553973 0.13525305410122165 0.3492486106892054
1 0.6003490401396161 0.6132980719403892 0.09947643979057602 0.32147430742931343
1 0.4267015706806283 0.7559310020311039 0.12390924956369986 0.4881379959377923
1 0.47033158813263526 0.5547772635491307 0.09598603839441537 0.31055042319627846
1 0.3385689354275742 0.6296838982899416 0.08900523560209422 0.5415125469804455
1 0.4035776614310646 0.4322737046500962 0.07068062827225127 0.2840209900589079
1 0.3298429319371728 0.33942068866929936 0.052356020942408356 0.16073715371465666
3 0.2526178010471204 0.3753134511492712 0.07940663176265268 0.27621821560674015
3 0.1893542757417103 0.3347390239979987 0.08027923211169288 0.2918237645110758
3 0.24127399650959858 0.2239396267772159 0.034031413612565446 0.1139205070016499
3 0.29799301919720766 0.22471990422243265 0.056719022687609096 0.23096212378416692
3 0.3289703315881326 0.1919482515233279 0.054101221640488646 0.1779032575094259
3 0.39659685863874344 0.20911435531809708 0.05322862129144852 0.22471990422243265
3 0.4280104712041885 0.24110573057198492 0.041012216404886545 0.26997599604500583
3 0.46073298429319365 0.2278410140032998 0.02617801047120416 0.27465766071630665
3 0.4886561954624781 0.2083340778728803 0.033158813263525246 0.24500711779806894
3 0.5650087260034904 0.1693202056120413 0.028795811518324683 0.1981904710850622
0 0.6618673647469459 0.11704161678251702 0.016579406631762623 0.15917659882422316
0 0.6828097731239091 0.11157967466599956 0.01832460732984302 0.14513160481032109
0 0.6972076788830716 0.10143606787818144 0.012216404886561918 0.14044994013902043
0 0.7116055846422339 0.09441357087123041 0.011343804537521863 0.13576827546771975
0 0.7447643979057591 0.11548106189208347 0.03054101221640494 0.14044994013902043
0 0.725130890052356 0.09597412576166395 0.017452006980802678 0.13576827546771975
2 0.5117801047120419 0.06554330539820953 0.03752181500872602 0.08426996408341225
2 0.3507853403141361 0.07412635729559412 0.027923211169284486 0.048377201603440376
2 0.6352530541012217 0.0468166467130068 0.02443280977312391 0.07802774452167802
4 0.8272251308900525 0.22237907188678233 0.0349040139616055 0.08583051897384579
4 0.8773996509598604 0.21457629743461454 0.025305410122164175 0.05149831138430749
4 0.9886561954624782 0.3643895669162363 0.022687609075043583 0.12640494612511838
1 0.8333333333333335 0.9744086866918024 0.10820244328097729 0.05118262661639533
