2 0.8343091334894615 0.3560038685647145 0.04566744730679169 0.2052257595255413
2 0.9238875878220141 0.45652260792416327 0.04215456674473075 0.1424015474258858
2 0.49004683840749425 0.19580212771059302 0.038641686182669804 0.11517772218270178
2 0.5368852459016393 0.21255525093716776 0.040983606557377004 0.11936600298934547
2 0.2271662763466042 0.16124881105578248 0.025761124121779878 0.0921421777461614
3 0.19437939110070257 0.23140251456706445 0.03747072599531613 0.14030740702256395
3 0.38231850117096017 0.2858501650534325 0.062060889929742374 0.2785206736418061
3 0.6481264637002342 0.45756967812582416 0.062060889929742305 0.3874159746145422
1 0.687353629976581 0.7900384458600758 0.13817330210772877 0.4199231082798477
1 0.474824355971897 0.6376657528115034 0.1252927400468384 0.4460519059075541
4 0.23594847775175645 0.59997122555171 0.10421545667447304 0.23244958476872532
4 0.08665105386416862 0.714101877532751 0.06323185011709603 0.23454372517204725
4 0.1305620608899297 0.8062440552789123 0.08313817330210772 0.2848030948517719
4 0.06381733021077285 0.3392507453381397 0.033957845433255265 0.12146014339266728
4 0.08723653395784542 0.2753794630368233 0.04800936768149881 0.06910663330962102
4 0.1288056206088993 0.26386169081855315 0.02341920374707259 0.0712007737129429
4 0.1440281030444965 0.3015562180783464 0.030444964871194385 0.0963304585528051
1 0.08372365339578454 0.48479350336900834 0.050351288056206076 0.1905667767022883
0 0.8299960974809644 0.5699218691192146 0.21638112704338 0.4189922014210504
