1 0.801247859233704 0.450627335424237 0.14306023634360598 0.3721164407051297
1 0.8589144666041264 0.4093376106029731 0.09277656072153931 0.2902642965833255
4 0.8241710296684118 0.22706073655808304 0.04624781849912736 0.10455717765904854
4 0.8721640488656195 0.20677352298244675 0.03228621291448505 0.06398275050777599
4 0.993019197207679 0.3519051277927679 0.013961605584642172 0.10143606787818144
1 0.43324607329842935 0.8394206886692993 0.13525305410122165 0.32115862266140127
1 0.22425828970331588 0.8082095908606282 0.1483420593368237 0.38358081827874374
1 0.28097731239092494 0.6585541637629624 0.10122164048865617 0.30586875852497786
1 0.35907504363001747 0.5672617026725991 0.08638743455497383 0.3511248503475511
1 0.35602094240837695 0.3682909541423202 0.04363001745200705 0.08426996408341225
1 0.3390052356020942 0.28792237728499187 0.05671902268760913 0.13264716568685261
3 0.2683246073298429 0.37843456093013833 0.07766143106457242 0.25437044714067025
3 0.18717277486910994 0.32459541721018054 0.08813263525305412 0.2309621237841669
3 0.2547993019197208 0.20443269064679637 0.06806282722513092 0.12172328145381767
3 0.35732984293193715 0.19506936130419505 0.05322862129144852 0.1498132694816218
3 0.4035776614310646 0.2707562734902227 0.039267015706806276 0.3011870938536771
3 0.43368237347294936 0.24422684035285222 0.02617801047120423 0.2606126667024046
3 0.4729493891797557 0.23096212378416694 0.03839441535776622 0.26529433137370523
3 0.49825479930191974 0.21691712977026484 0.040139616055846476 0.22471990422243263
3 0.525305410122164 0.18180464473550978 0.04363001745200705 0.24188600801720184
3 0.5972949389179756 0.1685399281668245 0.03228621291448519 0.1997510259754957
3 0.6160558464223386 0.1334274431320694 0.015706806282722568 0.17010048305725806
0 0.6775741710296684 0.11548106189208346 0.020069808027923273 0.14669215970075467
0 0.7024432809773125 0.11001911977556601 0.01745200698080282 0.15449493415292248
0 0.7168411867364748 0.1022163453233982 0.013089005235602115 0.14201049502945395
2 0.6400523560209425 0.04447581437735646 0.025305410122164033 0.07334607985037733
2 0.662739965095986 0.05071803393909072 0.014834205933682369 0.05461942116517461
2 0.40706806282722513 0.09753468065209753 0.03054101221640494 0.039013872260839015
