4 0.234192037470726 0.6313833316015379 0.10538641686182668 0.2575792696085876
4 0.07728337236533958 0.7057253159194634 0.06557377049180327 0.22616716355875974
4 0.13173302107728338 0.7947262830606422 0.07845433255269321 0.3245917625148868
4 0.06674473067915691 0.3382036751364788 0.03981264637002341 0.12355428379598912
4 0.08782201405152225 0.28270895444844973 0.035128805620608904 0.0963304585528051
4 0.12939110070257612 0.2722382524318405 0.022248243559718953 0.10470702016609251
4 0.14168618266978925 0.31516813069993843 0.03512880562060891 0.13193084540927658
3 0.22716627634660422 0.22616716355875977 0.03512880562060891 0.15915467065246058
3 0.3372365339578455 0.3245917625148868 0.04683840749414518 0.2722382524318405
3 0.37880562060889916 0.2910855160617372 0.0362997658079626 0.24292028678533473
3 0.44906323185011715 0.3287800433215305 0.05737704918032783 0.32249762211156496
2 0.8372365339578455 0.3465802367497662 0.04683840749414515 0.18637849589564467
2 0.936768149882904 0.4586167483274852 0.025761124121779916 0.1256484241993111
0 0.8283659983645815 0.5749362886913127 0.1484433960537953 0.3439036879131473
0 0.871264392820969 0.600183179641296 0.17989264015895073 0.3831519323076552
