2 0.1470331588132635 0.6413880599681933 0.1300174520069808 0.4338342595405297
2 0.09205933682373474 0.5485350439873965 0.09860383944153579 0.3636092894710196
4 0.6356893542757418 0.6374866727421095 0.1474694589877837 0.3386404112240826
4 0.7635253054101223 0.44241731143791435 0.07678883071553216 0.14825271459118824
4 0.5780977312390925 0.49703673260308895 0.10732984293193716 0.26061266670240457
4 0.6199825479930192 0.35034457290233434 0.04275741710296679 0.11392050700164993
4 0.8219895287958116 0.227060736558083 0.04537521815008717 0.11704161678251701
4 0.8442408376963351 0.15995687626943994 0.03054101221640494 0.05149831138430749
4 0.8848167539267016 0.16463854094074065 0.022687609075043726 0.05774053094604174
4 0.8852530541012217 0.2364240659006844 0.03228621291448519 0.07334607985037732
4 0.9882198952879581 0.35970790224493565 0.02356020942408378 0.14825271459118824
3 0.4576788830715532 0.23330295611981725 0.04101221640488653 0.26061266670240457
3 0.5732984293193717 0.16229770860509027 0.04886561954624782 0.1966299161946286
3 0.6330715532286213 0.12328383634425126 0.02356020942408385 0.15605548904335603
0 0.6697207678883071 0.11860217167295058 0.034031413612565446 0.12796550101555196
0 0.693717277486911 0.11704161678251702 0.019197207678882933 0.1498132694816218
0 0.7155322862129145 0.11548106189208347 0.02966841186736488 0.17166103794769164
2 0.5130890052356021 0.06476302795299275 0.03141361256544492 0.07334607985037733
2 0.4842931937172774 0.06554330539820953 0.02443280977312391 0.07178552495994377
2 0.6090750436300174 0.03589276247997189 0.022687609075043583 0.06554330539820953
2 0.6631762652705061 0.04759692415822359 0.015706806282722568 0.04213498204170613
