1 0.022833723653395786 0.2334966549703863 0.03161592505854802 0.13193084540927658
3 0.3916861826697893 0.30888570948997285 0.05035128805620616 0.2450144271886564
3 0.518735362997658 0.3884630448162032 0.0702576112412178 0.3413448857414616
0 0.6814988290398126 0.47641694175572086 0.06088992974238892 0.37485113219461114
0 0.7622106056592873 0.5266347602335978 0.174763227571147 0.40258150806174087
0 0.8511330206476593 0.62434610007872 0.2034894335752756 0.4951217139268556
2 0.930913348946136 0.45024018671419774 0.0374707259953162 0.10051873935944883
2 0.8518735362997658 0.34762730695142713 0.04800936768149881 0.15496638984581693
2 0.4291569086651055 0.19056677670228836 0.024590163934426174 0.0879538969395177
2 0.4941451990632318 0.2041786893238804 0.03512880562060893 0.08167147572955216
2 0.23185011709601874 0.15601346004747782 0.023419203747072608 0.08585975653619583
2 0.1820843091334895 0.167531232265748 0.02927400468384075 0.07957733532623029
4 0.14285714285714285 0.29841500747336364 0.02576112412177986 0.10261287976277067
4 0.117096018735363 0.2753794630368233 0.025761124121779843 0.08585975653619585
4 0.08372365339578454 0.2722382524318405 0.02927400468384076 0.07957733532623035
4 0.06733021077283372 0.3382036751364788 0.02927400468384074 0.10680116056941433
4 0.0778688524590164 0.697348754306176 0.055035128805620614 0.25129684839862215
4 0.12997658079625293 0.7926321426573203 0.09367681498829042 0.24501442718865662
4 0.22716627634660427 0.6062536467616756 0.0819672131147541 0.2031316191222195
1 0.16451990632318503 0.4942171351839566 0.05737704918032785 0.2722382524318405
