4 0.0661592505854801 0.34029781553980065 0.033957845433255265 0.13193084540927658
4 0.08079625292740047 0.2711911822301796 0.046838407494145216 0.06491835250297737
4 0.12119437939110071 0.2764265332384842 0.024590163934426243 0.083765616132874
4 0.1411007025761124 0.29108551606173716 0.038641686182669804 0.08795389693951769
4 0.22892271662763466 0.6230067699882504 0.08079625292740047 0.22407302315543795
4 0.07318501170960187 0.6900192628945496 0.07142857142857142 0.194755057508932
4 0.1288056206088993 0.7894909320523376 0.08430913348946134 0.2554851292052658
0 0.7603662635272512 0.516250095489447 0.1615339695713084 0.4147861674117812
0 0.8640521227439273 0.5881944153739223 0.19324419144598637 0.44782573974994533
2 0.8694379391100697 0.35914507916969735 0.04098360655737692 0.1528722494424951
3 0.33606557377049184 0.279567743843467 0.039812646370023436 0.22826130396208164
3 0.5720140515222483 0.39265132562284694 0.06908665105386412 0.3497214473547489
0 0.6803278688524591 0.4680403801424335 0.06323185011709598 0.37066285138796745
2 0.497072599531616 0.21046111053384592 0.0362997658079626 0.10680116056941434
2 0.4326697892271663 0.18951970650062744 0.03395784543325526 0.09004803734283956
2 0.22423887587822017 0.17067244287073077 0.024590163934426243 0.09004803734283952
2 0.1809133489461358 0.17904900448401817 0.026932084309133478 0.08585975653619585
1 0.1704806247109589 0.4837038484494994 0.109308265836579 0.24643072973361144
