1 0.4101221640488656 0.86595012180667 0.14310645724258286 0.26809975638666017
1 0.22076788830715532 0.8417615210049497 0.13787085514834208 0.3164769579901005
1 0.27966841186736474 0.6780610998933819 0.10034904013961604 0.294944874291943
1 0.3787085514834206 0.5976925230360536 0.10645724258289704 0.29962653896324354
1 0.37609075043630014 0.4018428842866417 0.0610820244328098 0.14201049502945395
1 0.3765270506108203 0.3089898683058449 0.06893542757417101 0.15605548904335603
3 0.27879581151832455 0.40496399406750894 0.08638743455497376 0.2793393253876073
3 0.2054973821989529 0.3402009661145161 0.09685863874345552 0.284020990058908
3 0.26439790575916233 0.21301574254418099 0.06457242582897031 0.16073715371465674
3 0.34118673647469455 0.21223546509896424 0.04363001745200691 0.1779032575094259
3 0.4018324607329843 0.20677352298244675 0.04624781849912736 0.20131158086592926
3 0.4319371727748691 0.25046905991458646 0.033158813263525315 0.28558154494934157
3 0.4733856893542757 0.23720434334590115 0.035776614310645695 0.26529433137370523
3 0.4965095986038394 0.20287213575636284 0.036649214659685896 0.25593100203110386
3 0.5261780104712042 0.1849257545163769 0.0418848167539268 0.24500711779806894
3 0.5780977312390925 0.15527521159813923 0.02705061082024429 0.20131158086592926
3 0.612565445026178 0.13966966269380365 0.027923211169284486 0.18882714174246082
0 0.6758289703315882 0.11626133933730025 0.020069808027923273 0.14513160481032109
0 0.7015706806282722 0.10143606787818142 0.017452006980802678 0.15917659882422316
0 0.7133507853403143 0.10923884233034922 0.016579406631762623 0.14357104991988756
2 0.7338568935427574 0.10533745510426532 0.013961605584642172 0.1295260559059855
1 0.7779232111692845 0.30196737129889395 0.042757417102966995 0.22003823955113194
1 0.8219895287958116 0.39716121961534107 0.06457242582897024 0.2668548862641387
4 0.9908376963350785 0.3394206886692992 0.018324607329842927 0.14513160481032097
4 0.831588132635253 0.21769740721548167 0.041884816753926656 0.07022497006951017
4 0.882198952879581 0.22862129144851656 0.02617801047120409 0.08270940919297867
2 0.643979057591623 0.04837720160344036 0.024432809773123836 0.0624221956173424
2 0.6653577661431065 0.0436955369321397 0.013089005235601974 0.03745331737040545
2 0.4428446771378709 0.08817135130949616 0.02705061082024429 0.057740530946041736
2 0.468586387434555 0.0749066347408109 0.015706806282722495 0.03745331737040545
