1 0.5916230366492147 0.9424173114379144 0.11518324607329845 0.11516537712417133
1 0.6339441535776614 0.7716943933193956 0.10558464223385684 0.3729726188136208
1 0.2709424083769634 0.8690712315875371 0.12478184991273998 0.261857536824926
1 0.43717277486911 0.7972857066275932 0.12216404886561953 0.4054285867448135
1 0.47774869109947643 0.6008136328169207 0.10558464223385698 0.32771652699104764
1 0.331151832460733 0.6593344412081792 0.11256544502617803 0.4728481318013687
1 0.32111692844677137 0.4057442715127257 0.07155322862129143 0.0936332934260136
1 0.35602094240837695 0.3854570579370894 0.08551483420593367 0.1716610379476916
3 0.28883071553228623 0.3565867924640685 0.04537521815008727 0.16697937327639092
3 0.2744328097731239 0.32849680443626444 0.05322862129144852 0.2824604351684744
3 0.21465968586387432 0.337079856333649 0.07329842931937172 0.24344656290763544
3 0.22687609075043633 0.21223546509896418 0.048865619546247775 0.1186021716729506
3 0.3224258289703316 0.20287213575636287 0.06544502617801044 0.1903876966328944
3 0.393542757417103 0.2793393253876073 0.050610820244328066 0.30586875852497786
3 0.43891797556719014 0.2613929441476213 0.036649214659685826 0.30742931341541135
3 0.50043630017452 0.21925796210591522 0.05322862129144852 0.2481282275789361
3 0.5318499127399652 0.17790325750942584 0.027050610820244358 0.21223546509896418
3 0.587260034904014 0.14981326948162177 0.027923211169284486 0.19662991619462858
0 0.6500872600349041 0.12718522357033518 0.020942408376963328 0.16073715371465672
0 0.6863001745200699 0.1287457784607687 0.02356020942408378 0.13888938524858685
0 0.7286212914485165 0.10767828743991564 0.019197207678883076 0.13420772057728617
0 0.7011343804537521 0.10533745510426532 0.025305410122164033 0.12640494612511838
1 0.8285340314136126 0.1373288303581533 0.020069808027923273 0.1186021716729506
4 0.8241710296684118 0.22628045911286623 0.03228621291448519 0.0936332934260136
4 0.882198952879581 0.2301818463389501 0.02094240837696347 0.07022497006951017
4 0.9934554973821988 0.36829095414232027 0.013089005235602115 0.11548106189208347
1 0.7961699802699598 0.5177326991009581 0.17543696528642982 0.46736677084329414
2 0.6287085514834206 0.03979414970605579 0.021815008726003525 0.07334607985037733
2 0.6653577661431064 0.0436955369321397 0.01832460732984302 0.04681664671300681
2 0.4899650959860384 0.07412635729559412 0.025305410122164033 0.051498311384307494
2 0.5279232111692845 0.055399698610391394 0.02617801047120423 0.051498311384307494
2 0.08813263525305409 0.5188845010691587 0.08726003490401396 0.36360928947101956
