3 0.44320843091334894 0.32145055190990396 0.07377049180327866 0.2868972352550935
3 0.37002341920374704 0.29317965646505906 0.051522248243559755 0.28480309485177163
3 0.6680327868852456 0.29841500747336364 0.085480093676815 0.10680116056941427
3 0.6680327868852441 0.5329587326454112 0.08313817330210753 0.36228628977468025
4 0.2306791569086651 0.6271950507948941 0.0983606557377049 0.24082614638201272
4 0.08548009367681499 0.7214313689443774 0.06323185011709603 0.265955831221875
4 0.13114754098360654 0.7989145638672858 0.07728337236533954 0.26176755041523114
4 0.06791569086651053 0.33925074533813976 0.03747072599531615 0.10889530097273616
4 0.08723653395784543 0.27433239283516236 0.03864168618266978 0.0712007737129429
4 0.1247072599531616 0.26804997162519684 0.022248243559718973 0.07957733532623028
4 0.14578454332552693 0.2952737968683809 0.03395784543325524 0.09633045855280514
2 0.1914519906323185 0.1706724428707308 0.038641686182669804 0.08167147572955218
2 0.22248243559718955 0.16543709186242617 0.023419203747072567 0.07957733532623028
2 0.8372365339578454 0.3570509387663755 0.053864168618266886 0.20731989992886315
2 0.5585480093676815 0.20313161912221944 0.03747072599531606 0.0712007737129429
2 0.9015054047977771 0.46403179692032354 0.07740086844255202 0.1352342107076204
0 0.8220947227968365 0.5796431963411314 0.1736157006950481 0.36004940319601425
0 0.8750204198007355 0.6154470814648275 0.18510141279785003 0.3796972529468814
