4 0.2306791569086651 0.6219596997865895 0.09133489461358309 0.22616716355875988
4 0.08380223821977185 0.7096234738007918 0.07074861367387425 0.2584262008207708
4 0.12880562060889925 0.8020557744722684 0.06557377049180324 0.29317965646505895
4 0.06791569086651056 0.33715660493481786 0.03981264637002341 0.125648424199311
4 0.08606557377049182 0.279567743843467 0.03629976580796254 0.0649183525029774
4 0.13056206088992975 0.26386169081855304 0.017564402810304466 0.06282421209965545
4 0.14637002341920374 0.2963208670700418 0.03278688524590162 0.09842459895612699
2 0.19379391100702578 0.1759077938790354 0.024590163934426243 0.07538905451958662
2 0.22365339578454332 0.16020174085412153 0.03278688524590162 0.08585975653619586
2 0.5427400468384075 0.20731989992886318 0.02693208430913343 0.06701249290629924
2 0.5046838407494145 0.21046111053384592 0.03512880562060893 0.07329491411626474
2 0.8337236533957847 0.348674377153088 0.0421545667447306 0.1863784958956446
2 0.9016418572696067 0.4548898538899735 0.07038756802451303 0.12058042519388551
3 0.6433545210080008 0.42874921270697847 0.13980152156883718 0.38012941117338445
3 0.45140515222482436 0.33087418372485233 0.05503512880562056 0.30574449888499017
3 0.3788056206088993 0.28166188424678884 0.059718969555035105 0.2743323928351624
0 0.7571422246325159 0.538188005981973 0.16973622117272896 0.3710975786243753
0 0.8211383608142875 0.6114245282748293 0.15786243220039126 0.38028895403578106
0 0.8800326447470251 0.6555718530426711 0.16259224088322044 0.3971983409024978
