3 0.17888307155322863 0.36282901202580276 0.1413612565445026 0.1981904710850622
2 0.13656195462478185 0.6195402915021234 0.1055846422338569 0.4026231617318585
2 0.06849912739965096 0.4853325709248372 0.06893542757417104 0.36516984436145317
2 0.49781849912739967 0.06866441517907665 0.034031413612565446 0.08426996408341225
2 0.4559336823734729 0.09285301598079684 0.025305410122164033 0.08895162875471292
2 0.5951134380453753 0.049157479048657145 0.03490401396160557 0.0702249700695102
2 0.6592495636998256 0.0507180339390907 0.02705061082024429 0.05774053094604172
0 0.7364746945898779 0.12718522357033518 0.055846422338568825 0.13576827546771975
3 0.4157940663176265 0.24968878246936968 0.05846422338568942 0.30898986830584496
3 0.44895287958115176 0.2411057305719851 0.05846422338568935 0.26373377648327173
3 0.4895287958115183 0.2075538004276635 0.050610820244328066 0.24656767268850252
3 0.5449389179755671 0.1685399281668245 0.04275741710296671 0.25280989225023676
4 0.5667539267015708 0.4837720160344037 0.08987783595113441 0.30586875852497775
4 0.6256544502617801 0.3558065150188517 0.045375218150087236 0.1279655010155519
4 0.6321989528795812 0.6725991577768644 0.13525305410122157 0.4182287106361942
4 0.7674520069808028 0.4556820280065996 0.07766143106457235 0.18102436729029292
4 0.8280977312390925 0.20911435531809708 0.0418848167539268 0.08739107386427936
4 0.843804537521815 0.15917659882422316 0.026178010471204372 0.046816646713006824
4 0.8848167539267016 0.18336519962594333 0.027923211169284343 0.06086164072690886
4 0.8878708551483421 0.22628045911286626 0.04973821989528801 0.06242219561734242
