3 0.19496487119437936 0.21255525093716776 0.048009367681498855 0.15706053024913874
3 0.33840749414519905 0.2722382524318405 0.051522248243559755 0.24710856759197827
3 0.3957845433255269 0.2837560246501107 0.04683840749414515 0.28689723525509353
3 0.4543325526932084 0.32982711352319144 0.05620608899297423 0.32040348170824307
0 0.8313817330210772 0.5769356811151701 0.07728337236533933 0.37485113219461147
0 0.9045667447306771 0.6324304018031984 0.08079625292739964 0.3811335534045768
2 0.917447306791569 0.4450048357058931 0.05269320843091336 0.15706053024913877
2 0.8313817330210773 0.3329683241281742 0.051522248243559686 0.2177906019454724
2 0.5204918032786885 0.21046111053384592 0.03395784543325533 0.11517772218270178
2 0.4642857142857142 0.18009607468567912 0.04098360655737696 0.06701249290629926
2 0.23946135831381732 0.14763689843419045 0.02927400468384075 0.09004803734283956
4 0.1451990632318501 0.3026032882800073 0.035128805620608876 0.11098944137605805
4 0.13290398126463698 0.26804997162519684 0.024590163934426243 0.07957733532623028
4 0.08665105386416862 0.27433239283516236 0.03747072599531616 0.083765616132874
4 0.06850117096018735 0.33610953473315697 0.03629976580796253 0.15287224944249506
4 0.22892271662763464 0.6041595063583537 0.10889929742388756 0.25339098880194394
4 0.08430913348946137 0.71305480733109 0.06557377049180328 0.24501442718865654
4 0.12997658079625293 0.7978674936656254 0.07962529274004679 0.2973679372717028
