4 0.2318501170960186 0.6271950507948941 0.09367681498829036 0.22826130396208139
4 0.07555726954776572 0.7071357051716193 0.10610007434000618 0.23772753440445718
4 0.13056206088992972 0.793679212858981 0.07142857142857141 0.2848030948517715
1 0.09074941451990633 0.49735834578893945 0.06908665105386416 0.1989433383155758
1 0.23243559718969556 0.4292987826809792 0.06908665105386419 0.16753123226574793
3 0.18735362997658073 0.23768493577702998 0.02576112412177987 0.15287224944249506
3 0.40222482435597184 0.3088857094899729 0.062060889929742374 0.26595583122187494
3 0.6610070257611241 0.4502401867141978 0.07377049180327866 0.3811335534045767
0 0.8452055708791387 0.584022427771623 0.2007472393110305 0.41984408131708245
2 0.9285714285714287 0.44500483570589316 0.03044496487119426 0.09842459895612687
2 0.8343091334894613 0.35809800896803634 0.05269320843091321 0.21360232113882868
2 0.4994145199063232 0.18637849589564467 0.03161592505854806 0.11308358177937991
2 0.22892271662763466 0.16334295145910432 0.03395784543325526 0.0879538969395177
2 0.19555035128805623 0.1455427580308686 0.018735362997658087 0.03560038685647145
4 0.12763466042154564 0.2701441120285187 0.02576112412177986 0.08376561613287403
4 0.14637002341920374 0.30365035848166827 0.02576112412177986 0.1005187393594488
4 0.09192037470725996 0.27433239283516236 0.043325526932084316 0.06701249290629917
4 0.06733021077283372 0.3340153943298351 0.03629976580796252 0.12355428379598912
