2 0.14354275741710296 0.6218811238377738 0.1282722513089005 0.3948203872796907
2 0.09554973821989529 0.5524364312134804 0.0968586387434555 0.38077539326578874
4 0.6208551483420593 0.6499711118655779 0.131762652705061 0.3199137525388799
4 0.7652705061082026 0.47674951902745266 0.07678883071553216 0.1981904710850622
4 0.6287085514834206 0.3378601337788658 0.039267015706806276 0.11079939722078283
4 0.5772251308900523 0.49547617771265545 0.09685863874345557 0.26685488626413884
4 0.8198080279232112 0.22862129144851656 0.04624781849912722 0.11392050700164986
4 0.8451134380453752 0.14435132736510434 0.025305410122164033 0.05774053094604172
4 0.8800174520069808 0.1724413153929084 0.01832460732984288 0.042134982041706126
4 0.8843804537521813 0.2364240659006844 0.042757417102966856 0.0671038602886431
4 0.9869109947643979 0.3503445729023343 0.02617801047120423 0.16073715371465666
3 0.5759162303664921 0.1841454770711601 0.03839441535776608 0.21535657487983134
3 0.5968586387434556 0.14201049502945398 0.027923211169284555 0.15293437926248893
3 0.6313263525305409 0.12484439123468481 0.025305410122164033 0.1685399281668245
0 0.6575043630017453 0.12250355889903447 0.02356020942408378 0.14201049502945398
0 0.6788830715532286 0.12016272656338416 0.019197207678882933 0.15293437926248893
0 0.7133507853403142 0.12172328145381772 0.021815008726003383 0.1310866107964191
0 0.7225130890052356 0.04135470459648935 0.013961605584642172 0.03589276247997188
2 0.6304537521815008 0.019506936130419504 0.020069808027923273 0.03589276247997189
2 0.6636125654450262 0.029650542918237644 0.02879581151832454 0.03433220758953833
2 0.5087260034904014 0.0749066347408109 0.022687609075043653 0.09987551298774786
2 0.543193717277487 0.04135470459648935 0.02705061082024429 0.07334607985037733
