3 0.5 0.3612392195730192 0.06557377049180324 0.3245917625148868
3 0.3114754098360656 0.23873200597869093 0.051522248243559755 0.2261671635587598
3 0.2552693208430913 0.21883767214713337 0.042154566744730636 0.18637849589564467
3 0.6406945468136033 0.43274155653596763 0.12245119285973033 0.38873058523222
2 0.6680327868852463 0.22093181255045521 0.04332552693208428 0.06491835250297737
2 0.8389929742388759 0.34343902614478344 0.05035128805620601 0.20941404033218508
2 0.9361826697892272 0.4554755377225024 0.026932084309133585 0.10680116056941437
2 0.22189695550351288 0.1581076004507997 0.026932084309133478 0.07329491411626474
4 0.06557377049180328 0.3340153943298351 0.028103044496487123 0.14030740702256397
4 0.08430913348946137 0.2711911822301796 0.0351288056206089 0.07748319492290844
4 0.12236533957845434 0.2753794630368233 0.0269320843091335 0.08585975653619585
4 0.14168618266978922 0.30050914787668553 0.037470725995316166 0.09423631814948326
4 0.08196721311475409 0.6952546139028543 0.06557377049180327 0.23454372517204725
4 0.22775175644028103 0.6177714189799457 0.0925058548009368 0.24710856759197825
4 0.13290398126463696 0.8031028446739293 0.08079625292740035 0.28270895444844985
0 0.8131407867863536 0.5827482961809207 0.16636398457368629 0.36767283143119756
0 0.8690656971816947 0.6148258189405295 0.15932424485438346 0.3839236051583122
