0 0.760420773403096 0.5133315585706067 0.14978927893146987 0.3934398194677962
0 0.8448954022921421 0.5825843135975505 0.2013004682021199 0.4441897832320743
2 0.9326697892271661 0.4711815907474163 0.029274004683840785 0.15077810903917332
2 0.8360655737704917 0.34343902614478344 0.0374707259953162 0.16753123226574804
2 0.4279859484777518 0.18637849589564467 0.038641686182669804 0.07957733532623033
2 0.1809133489461358 0.17800193428235725 0.024590163934426208 0.0795773353262303
2 0.2230679156908665 0.15706053024913874 0.022248243559718973 0.07957733532623029
4 0.23009367681498819 0.6533718058364174 0.09718969555035124 0.28480309485177147
4 0.07435597189695552 0.7151489477344118 0.05971896955503514 0.24920270799530023
4 0.13934426229508184 0.8240442487071487 0.09367681498829038 0.3329683241281745
1 0.10913961361214454 0.4972059122470923 0.09920474347543379 0.2314616977747873
1 0.15244341472324904 0.45766237206350113 0.12043266208887048 0.2783620105336992
4 0.06440281030444965 0.3329683241281742 0.04683840749414521 0.12146014339266728
4 0.09016393442622951 0.2806148140451279 0.042154566744730684 0.0712007737129429
4 0.12177985948477751 0.2670029014235359 0.028103044496487133 0.06910663330962105
4 0.14637002341920374 0.29841500747336364 0.028103044496487116 0.11517772218270174
3 0.22189695550351288 0.30469742868332916 0.05971896955503514 0.22407302315543795
3 0.2991803278688525 0.24815563779363928 0.04566744730679165 0.1947550575089321
3 0.6557377049180326 0.4439577655042322 0.07259953161592457 0.36856871098464566
