4 0.22306791569086656 0.6271950507948941 0.09016393442622953 0.24082614638201272
4 0.07845433255269323 0.7161960179360727 0.051522248243559735 0.25548512920526567
4 0.12704918032786888 0.7936792128589812 0.0925058548009368 0.2764265332384842
4 0.12236533957845433 0.2722382524318405 0.024590163934426243 0.07538905451958659
4 0.14285714285714285 0.3005091478766855 0.03512880562060891 0.10261287976277067
4 0.08899297423887594 0.2858501650534326 0.037470725995316194 0.06910663330962118
4 0.06381733021077285 0.3371566049348177 0.02927400468384076 0.11308358177937987
1 0.09495467513721544 0.5194624282112946 0.10930270277581464 0.23471323600081548
1 0.15899345031621667 0.44895390438161287 0.11376514183569197 0.2532408381321495
2 0.18384074941451992 0.19161384690394928 0.02810304449648715 0.10261287976277067
2 0.22423887587822017 0.1591546706524606 0.024590163934426243 0.10051873935944883
3 0.303864168618267 0.25443805900360483 0.04566744730679158 0.19894333831557579
0 0.7531837771753443 0.5083802662674364 0.17636080847039948 0.4236218232996441
0 0.8590126656254741 0.592457785601107 0.19620559657700995 0.4457496610698425
2 0.835480093676815 0.32668590291820865 0.04800936768149881 0.1591546706524606
2 0.43384074941451994 0.18533142569398373 0.03629976580796253 0.09842459895612694
3 0.680913348946136 0.4847935033690083 0.0644028103044496 0.4041690978411171
3 0.5743559718969555 0.3978866766311515 0.0503512880562061 0.35600386856471444
2 0.5035128805620609 0.1999904085172367 0.032786885245901655 0.08167147572955218
