3 0.19153577661431065 0.3745331737040544 0.10732984293193719 0.20911435531809708
3 0.41666666666666663 0.2426662854624186 0.060209424083769676 0.2887026547302087
3 0.45811518324607337 0.2387648982363347 0.045375218150087236 0.24656767268850252
3 0.4930191972076789 0.21847768466069845 0.054101221640488716 0.23720434334590113
3 0.550174520069808 0.174001870283342 0.03752181500872595 0.25437044714067036
2 0.5095986038394416 0.06164191817212563 0.02443280977312391 0.06398275050777598
2 0.46902268760907506 0.0671038602886431 0.035776614310645695 0.05930108583647529
2 0.12478184991273995 0.6117375170499556 0.10122164048865619 0.44007647910226394
2 0.06195462478184991 0.4541214731161661 0.052356020942408384 0.29026320962064217
2 0.6596858638743456 0.0468166467130068 0.022687609075043726 0.04993775649387393
2 0.5938045375218151 0.04369553693213968 0.03403141361256542 0.0624221956173424
1 0.8211169284467714 0.16385826349552382 0.029668411867364738 0.13420772057728617
4 0.8459860383944156 0.15371465670770568 0.028795811518324683 0.039013872260838994
4 0.8848167539267016 0.1771229800642091 0.020942408376963328 0.039013872260839036
4 0.8904886561954625 0.2348635110102508 0.03228621291448519 0.06086164072690881
4 0.8350785340314135 0.20599324553722995 0.03490401396160564 0.059301085836475274
4 0.6212914485165794 0.6413880599681933 0.1518324607329842 0.3558065150188518
4 0.7722513089005235 0.46348480245876744 0.06980802792321114 0.19662991619462858
4 0.62434554973822 0.3659501218066699 0.06544502617801058 0.17010048305725806
4 0.5654450261780104 0.4775297964726695 0.10994764397905754 0.2871420998397751
