3 0.4133489461358314 0.3162152009015994 0.051522248243559686 0.251296848398622
3 0.480679156908665 0.39683960642949034 0.06908665105386444 0.3245917625148868
0 0.683255269320843 0.4879347139739911 0.057377049180328044 0.37694527259793303
0 0.839336948920798 0.5654459773492592 0.17319950588607724 0.41460342334617417
2 0.9225287804742188 0.4697768898170551 0.0605210168703519 0.14857849468682133
2 0.8185011709601874 0.37694527259793303 0.049180327868852486 0.15496638984581693
2 0.21955503512880561 0.16229588125744335 0.022248243559718935 0.07748319492290844
2 0.18384074941451992 0.17695486408069633 0.023419203747072608 0.07329491411626478
4 0.06381733021077284 0.3340153943298351 0.031615925058548024 0.11517772218270174
4 0.08782201405152225 0.2701441120285187 0.035128805620608904 0.0712007737129429
4 0.12353629976580796 0.2701441120285187 0.026932084309133516 0.0712007737129429
4 0.14637002341920374 0.2963208670700418 0.02576112412177986 0.09004803734283953
1 0.2751756440281031 0.3821806236062376 0.07025761124121775 0.33715660493481786
4 0.22716627634660422 0.6104419275683193 0.0889929742388759 0.23244958476872526
4 0.07903981264637001 0.6994428947094979 0.059718969555035126 0.21779060194547248
4 0.1288056206088993 0.795773353262303 0.09133489461358314 0.25967341001190947
1 0.16876201759461268 0.4760370303856048 0.11199035835749595 0.25983139962672325
2 0.5023419203747072 0.19580212771059302 0.03512880562060893 0.09004803734283957
2 0.3864168618266979 0.16439002166076525 0.028103044496487043 0.05654179088968995
