1 0.5466841186736475 0.8597079022449355 0.10558464223385691 0.28058419551012875
1 0.32286212914485163 0.9127667685196766 0.13612565445026173 0.17446646296064658
1 0.08333333333333331 0.9611439701231171 0.09162303664921465 0.07771205975376588
1 0.443717277486911 0.7654521737576613 0.11082024432809774 0.39169927749882355
1 0.2927574171029668 0.6905455390168505 0.13699825479930192 0.3011870938536772
1 0.3507853403141361 0.5259069980761097 0.10645724258289704 0.25905211181197096
1 0.3355148342059337 0.38467678049187254 0.04799301919720765 0.08895162875471292
1 0.3381326352530541 0.3066490359701946 0.042757417102966856 0.0671038602886431
3 0.2696335078534031 0.36907123158753696 0.08202443280977309 0.28558154494934146
3 0.2129144851657941 0.33942068866929936 0.07155322862129147 0.1888271417424608
3 0.19589877835951136 0.2684154411545724 0.05148342059336823 0.1716610379476916
3 0.28010471204188486 0.20287213575636287 0.047120418848167527 0.1373288303581533
3 0.3507853403141361 0.2044326906467964 0.0610820244328098 0.16229770860509024
3 0.3983420593368237 0.27153655093543955 0.047993019197207686 0.30898986830584496
3 0.43368237347294936 0.24578739524328574 0.033158813263525315 0.26685488626413884
3 0.47600349040139617 0.2411057305719851 0.035776614310645695 0.2512493373598032
3 0.5017452006980803 0.1997510259754957 0.027923211169284413 0.23408323356503402
3 0.549738219895288 0.16775965072160773 0.033158813263525315 0.22628045911286626
3 0.6042757417102966 0.14044994013902043 0.01832460732984302 0.1779032575094259
3 0.6505235602094241 0.13030633335120226 0.02705061082024429 0.16073715371465666
0 0.6780104712041884 0.10845856488513243 0.022687609075043726 0.1451316048103211
0 0.7015706806282722 0.10455717765904854 0.022687609075043726 0.14669215970075464
0 0.7146596858638745 0.1022163453233982 0.01221640488656187 0.13888938524858685
0 0.7273123909249563 0.09753468065209753 0.01134380453752172 0.12016272656338414
2 0.6404886561954625 0.03745331737040545 0.015706806282722495 0.043695536932139685
2 0.6644851657940662 0.04057442715127257 0.00785340314136107 0.02496887824693697
1 0.8049738219895288 0.4697270220205017 0.04973821989528801 0.33083763677191486
4 0.8294066317626527 0.22159879444156555 0.04624781849912736 0.09675440320688075
4 0.8883071553228621 0.2161368523250481 0.036649214659685896 0.08270940919297871
2 0.40052356020942415 0.09909523554253108 0.031413612565445066 0.039013872260839015
2 0.46509598603839436 0.07958829941211157 0.033158813263525315 0.043695536932139685
