1 0.2604712041884817 0.8612684571353693 0.15968586387434555 0.27746308572926154
1 0.43891797556719025 0.7957251517371597 0.1239092495636998 0.4085496965256807
1 0.5894415357766143 0.9541214731161659 0.09860383944153582 0.091757053767668
1 0.587260034904014 0.7108327525924867 0.12216404886561953 0.401062606841425
1 0.48211169284467714 0.628123343399508 0.09511343804537525 0.36360928947101956
1 0.3289703315881326 0.7145762974346145 0.11518324607329838 0.5708474051307709
1 0.3276614310645724 0.4065245489579425 0.08813263525305412 0.10455717765904858
1 0.34118673647469455 0.3542459601284182 0.04363001745200691 0.10923884233034922
3 0.2914485165794066 0.3573670699092853 0.04188481675392669 0.18102436729029298
3 0.2827225130890052 0.3089898683058449 0.06108202443280976 0.25593100203110386
3 0.2238219895287958 0.33786013377886576 0.06195462478184993 0.2668548862641388
3 0.24258289703315883 0.20521296809201317 0.036649214659685896 0.11704161678251701
3 0.33682373472949384 0.2044326906467964 0.05061082024432803 0.2091143553180971
3 0.39441535776614317 0.27075627349022274 0.045375218150087236 0.3136715329771457
3 0.4354275741710296 0.25749155692153747 0.03490401396160557 0.31835319764844633
3 0.5074171029668411 0.21301574254418096 0.05846422338568928 0.2450071177980689
3 0.4568062827225131 0.23408323356503405 0.030541012216404866 0.2621732215928382
3 0.543630017452007 0.1919482515233279 0.02443280977312391 0.23096212378416692
3 0.5903141361256544 0.14747243714597144 0.03054101221640494 0.20131158086592926
0 0.6583769633507853 0.12328383634425126 0.02356020942408378 0.1404499401390204
0 0.6832460732984293 0.12094300400860092 0.019197207678883076 0.16697937327639095
0 0.7146596858638743 0.11860217167295058 0.019197207678882933 0.1342077205772862
0 0.7521815008726003 0.13264716568685261 0.019197207678883076 0.14357104991988756
0 0.700261780104712 0.10533745510426532 0.01832460732984302 0.15137382437205535
2 0.6278359511343805 0.04291525948692291 0.02879581151832454 0.07958829941211158
2 0.6618673647469459 0.03355193014432155 0.016579406631762623 0.032771652699104765
2 0.468586387434555 0.07646718963124446 0.033158813263525315 0.06554330539820953
2 0.5270506108202443 0.06242219561734242 0.033158813263525315 0.06242219561734242
2 0.0907504363001745 0.5274675529665435 0.09424083769633507 0.3558065150188518
1 0.7979930191972077 0.5407322695352286 0.0689354275741711 0.38857816771795656
1 0.8032286212914486 0.14981326948162177 0.020069808027923273 0.13108661079641906
4 0.8219895287958116 0.22862129144851656 0.0401396160558464 0.09831495809731433
4 0.8782722513089005 0.2239396267772159 0.028795811518324683 0.07334607985037732
4 0.9938917975567191 0.35268540523798464 0.012216404886561918 0.14044994013902046
