1 0.2674520069808028 0.8823359481562223 0.16666666666666663 0.2353281036875555
1 0.5584642233856892 0.8355193014432154 0.15008726003490402 0.3289613971135691
1 0.4262652705061082 0.7514071797437594 0.12129144851657941 0.4353948144309633
1 0.5776614310645725 0.6429486148586269 0.10645724258289711 0.3183531976484464
1 0.4781849912739965 0.5376111597543616 0.09424083769633505 0.30118709385367715
1 0.33289703315881325 0.6367063952968927 0.11780104712041879 0.5118620040622077
1 0.4040139616055846 0.41822871063619416 0.07853403141361255 0.24968878246936968
1 0.3307155322862129 0.3128912555319288 0.06282722513089002 0.1295260559059855
3 0.24912739965095987 0.38857816771795656 0.07417102966841188 0.2965054291823765
3 0.19808027923211172 0.3004068164084604 0.07853403141361257 0.2137960199893978
3 0.23603839441535776 0.21457629743461454 0.03577661431064574 0.11392050700164992
3 0.2892670157068063 0.22471990422243274 0.046247818499127395 0.21535657487983137
3 0.3424956369982548 0.18882714174246082 0.05671902268760913 0.19038769663289437
3 0.3917975567190227 0.2044326906467964 0.05235602094240839 0.20599324553722995
3 0.43019197207678883 0.2403254531267683 0.05235602094240839 0.2715365509354395
3 0.4598603839441536 0.23330295611981725 0.03839441535776608 0.24188600801720184
3 0.48909249563699825 0.21067491020853066 0.042757417102966856 0.24344656290763544
2 0.1012216404886562 0.5149831138430749 0.08900523560209425 0.36516984436145306
2 0.4389179755671902 0.08192913174776191 0.022687609075043583 0.039013872260838994
2 0.4912739965095986 0.020287213575636284 0.015706806282722568 0.02808998802780408
2 0.5318499127399651 0.058520808391258505 0.016579406631762623 0.03589276247997188
2 0.6208551483420593 0.03667303992518867 0.02006980802792313 0.057740530946041736
3 0.5924956369982548 0.15683576648857278 0.036649214659685896 0.1981904710850621
0 0.662303664921466 0.11470078444686667 0.01745200698080282 0.14825271459118822
0 0.6832460732984293 0.10767828743991567 0.01745200698080282 0.1498132694816218
0 0.6972076788830716 0.10065579043296463 0.01745200698080282 0.13576827546771975
0 0.7142233856893543 0.10845856488513245 0.013089005235602115 0.12328383634425126
0 0.7395287958115183 0.11079939722078279 0.02356020942408378 0.13108661079641906
4 0.8289703315881326 0.20989463276331385 0.045375218150087306 0.09519384831644719
4 0.8782722513089004 0.20989463276331385 0.02006980802792313 0.05461942116517459
4 0.9890924956369983 0.3581473473545021 0.021815008726003525 0.14825271459118824
