0 0.8202473865592188 0.5819020548201419 0.18133727831565907 0.3603137853339781
0 0.7492489188286983 0.5329224326572747 0.18027164416672548 0.3841729623661195
0 0.875544284490382 0.6133858735869032 0.19902948001887283 0.3747528787551536
2 0.9029322338143894 0.4494171085954248 0.08581374761712937 0.13320486258823977
2 0.8337236533957845 0.3235446923132258 0.0444964871194378 0.15287224944249503
2 0.5591334894613583 0.1968491979122539 0.029274004683840643 0.07957733532623029
2 0.19789227166276346 0.16857830246740896 0.03044496487119435 0.08167147572955218
2 0.22248243559718972 0.15182517924083413 0.03278688524590162 0.07748319492290845
4 0.12939110070257612 0.2670029014235359 0.02927400468384075 0.08167147572955212
4 0.14578454332552693 0.3015562180783464 0.031615925058548024 0.1130835817793799
4 0.08606557377049182 0.2753794630368233 0.038641686182669784 0.06491835250297733
4 0.05971896955503514 0.3361095347331569 0.04918032786885247 0.11936600298934544
4 0.2312646370023419 0.6230067699882504 0.1135831381733021 0.24920270799530017
4 0.07146158700430004 0.7022344560392354 0.10944819019097907 0.27158439440017335
4 0.12008395238698759 0.8041088310712109 0.07383371963488333 0.2893626886046349
3 0.39051522248243553 0.2952737968683808 0.050351288056206124 0.2764265332384842
3 0.4543325526932084 0.3245917625148868 0.0608899297423887 0.3183093413049212
3 0.645741562126356 0.42992378032196016 0.1194488724355611 0.3991104753097731
