2 0.1548865619546248 0.635145840406459 0.11605584642233857 0.41822871063619416
2 0.08071553228621291 0.4868931258152708 0.06719022687609075 0.2528098922502368
2 0.0693717277486911 0.32069402998409663 0.06020942408376964 0.07646718963124446
3 0.4467713787085515 0.23876489823633473 0.05235602094240839 0.26529433137370523
3 0.5698080279232112 0.1661990958311742 0.04363001745200698 0.2013115808659293
3 0.6343804537521816 0.11548106189208347 0.033158813263525315 0.17166103794769164
0 0.7303664921465969 0.12484439123468484 0.040139616055846546 0.14357104991988756
0 0.68717277486911 0.11938244911816735 0.035776614310645695 0.12016272656338414
0 0.7129144851657939 0.06944469262429344 0.024432809773123836 0.10143606787818144
2 0.6592495636998253 0.04057442715127257 0.013089005235602115 0.04057442715127257
2 0.5959860383944153 0.028870265473020868 0.022687609075043653 0.051498311384307494
2 0.5087260034904014 0.07100524751472699 0.024432809773123978 0.09831495809731429
2 0.43324607329842935 0.07412635729559412 0.03403141361256537 0.07334607985037733
4 0.62478184991274 0.6476302795299276 0.13438045375218152 0.3308376367719147
4 0.7805410122164048 0.4556820280065996 0.0759162303664921 0.1498132694816217
4 0.5763525305410122 0.500157842383956 0.09685863874345557 0.2450071177980689
4 0.6256544502617801 0.3503445729023343 0.045375218150087236 0.12016272656338411
4 0.825043630017452 0.23174240122938372 0.04624781849912736 0.10455717765904854
4 0.8424956369982549 0.15527521159813926 0.03228621291448519 0.06710386028864308
4 0.8830715532286213 0.1693202056120413 0.024432809773123836 0.04213498204170614
4 0.8848167539267016 0.2325226786746005 0.029668411867364738 0.06866441517907668
4 0.9899650959860383 0.3511248503475511 0.020069808027923273 0.14357104991988756
