2 0.12827225130890052 0.6257825110638576 0.13089005235602094 0.4057442715127257
2 0.08813263525305409 0.5454139342065294 0.1082024432809773 0.3916992774988237
3 0.34380453752181495 0.3027476487441107 0.059336823734729476 0.32147430742931343
3 0.4629144851657941 0.21613685232504815 0.06719022687609069 0.25124933735980326
3 0.5445026178010471 0.1802440898450762 0.04886561954624774 0.2325226786746005
3 0.5807155322862129 0.1732215928381252 0.025305410122164033 0.21847768466069845
3 0.6073298429319373 0.14981326948162177 0.033158813263525315 0.21223546509896415
0 0.6902268760907504 0.10065579043296463 0.03141361256544499 0.13264716568685261
0 0.7561082024432809 0.13186688824163587 0.02879581151832454 0.15449493415292248
2 0.6470331588132636 0.04759692415822359 0.02356020942408385 0.06398275050777597
2 0.6138743455497382 0.027309710582587306 0.018324607329842948 0.032771652699104765
2 0.5052356020942408 0.06320247306255919 0.03839441535776615 0.0827094091929787
2 0.45200698080279234 0.07958829941211158 0.03141361256544499 0.06866441517907665
4 0.6204188481675392 0.6437288923038436 0.13961605584642228 0.3448826307858169
4 0.7726876090750439 0.4533411956709493 0.08115183246073238 0.18882714174246068
4 0.5724258289703316 0.4595834152326834 0.0663176265270507 0.21067491020853063
4 0.618673647469459 0.3721923413684041 0.04712041884816756 0.13888938524858688
1 0.9912739965095984 0.34488263078581677 0.017452006980802178 0.17790325750942582
4 0.8246073298429321 0.2278410140032998 0.04886561954624782 0.11548106189208344
4 0.8459860383944156 0.15059354692683855 0.025305410122164033 0.04525609182257325
4 0.8843804537521813 0.1693202056120413 0.021815008726003525 0.04837720160344036
4 0.8869982547993019 0.22862129144851664 0.02879581151832467 0.07022497006951019
