1 0.5772251308900523 0.8292770818814812 0.13525305410122165 0.34144583623703767
1 0.41448516579406636 0.8690712315875371 0.18324607329842935 0.261857536824926
1 0.46073298429319354 0.6999088683594518 0.12390924956370025 0.4322737046500963
1 0.15139616055846422 0.9455384212187815 0.13525305410122163 0.10892315756243703
1 0.2866492146596859 0.7155144172637874 0.14223385689354276 0.5259069980761099
1 0.35209424083769636 0.5578983733299978 0.09511343804537528 0.3667303992518866
1 0.3704188481675392 0.394040109834474 0.07417102966841192 0.17634270261899235
1 0.32897033158813266 0.32849680443626444 0.047120418848167527 0.14825271459118827
3 0.26745200698080285 0.3347390239979987 0.07591623036649217 0.2325226786746005
3 0.20986038394415357 0.2785590479423905 0.05322862129144852 0.2356437884554676
3 0.27966841186736474 0.2083340778728803 0.06893542757417101 0.14201049502945398
3 0.35383944153577657 0.21379601998939776 0.06893542757417101 0.181024367290293
3 0.40532286212914487 0.26997599604500594 0.04450261780104711 0.28402099005890796
3 0.4384816753926701 0.24422684035285222 0.03228621291448512 0.2606126667024046
3 0.4760034904013961 0.21379601998939776 0.05322862129144852 0.2559310020311039
3 0.5205061082024433 0.18804686429724402 0.02705061082024429 0.22628045911286626
3 0.5493019197207679 0.16229770860509027 0.035776614310645695 0.23720434334590115
3 0.6108202443280978 0.13966966269380365 0.02617801047120423 0.1857060319615937
0 0.662303664921466 0.11860217167295058 0.020942408376963328 0.1466921597007547
0 0.6819371727748691 0.11157967466599956 0.020069808027923273 0.14513160481032109
0 0.6985165794066317 0.09987551298774786 0.014834205933682369 0.1404499401390204
0 0.7190226876090751 0.09753468065209753 0.013961605584642172 0.11704161678251702
2 0.7648342059336823 0.12640494612511838 0.021815008726003525 0.11548106189208346
2 0.6239092495636998 0.33161791421713155 0.06457242582897024 0.2637337764832716
1 0.825043630017452 0.486112848370054 0.10034904013961593 0.348003740566684
4 0.9947643979057591 0.3472234631214671 0.010471204188481664 0.10767828743991564
4 0.8237347294938917 0.21847768466069845 0.036649214659685896 0.10299662276861497
4 0.8830715532286213 0.2169171297702649 0.027923211169284343 0.049937756493873914
2 0.6339441535776614 0.043695536932139685 0.03054101221640494 0.06554330539820953
2 0.6640488656195462 0.03355193014432155 0.020942408376963328 0.03901387226083901
2 0.4882198952879581 0.062422195617342406 0.020069808027923273 0.04057442715127257
2 0.41841186736474695 0.08973190619992971 0.03228621291448519 0.04837720160344037
