0 0.8255717746857983 0.5861694583241815 0.16082443063277593 0.3820161012197093
0 0.8737552345620984 0.6282202192820995 0.1921996779672608 0.3831039111336827
2 0.927400468384075 0.43034585288264027 0.04683840749414515 0.08585975653619578
2 0.8319672131147542 0.34029781553980065 0.05503512880562056 0.18637849589564467
2 0.6633489461358315 0.2251200933570989 0.059718969555035105 0.12355428379598915
2 0.43384074941451994 0.18742556609730557 0.04332552693208425 0.09842459895612693
4 0.23594847775175645 0.629289191198216 0.10421545667447304 0.2575792696085876
4 0.08840749414519905 0.7025841053144808 0.08079625292740047 0.23663786557536903
4 0.12880562060889933 0.7978674936656245 0.0725995316159251 0.2848030948517717
4 0.06733021077283373 0.3465802367497662 0.040983606557377046 0.13193084540927658
4 0.085480093676815 0.2837560246501107 0.037470725995316166 0.08585975653619585
4 0.12295081967213115 0.27852067364180605 0.028103044496487133 0.07538905451958659
4 0.14578454332552693 0.30365035848166827 0.038641686182669784 0.11727186258602358
1 0.016978922716627636 0.23768493577702998 0.02927400468384075 0.11936600298934547
2 0.13466042154566746 0.19580212771059297 0.030444964871194385 0.07329491411626476
2 0.22482435597189696 0.17171951307239172 0.028103044496487116 0.0921421777461614
3 0.31440281030444966 0.27852067364180605 0.040983606557377074 0.2219788827521161
3 0.3278688524590164 0.16543709186242617 0.051522248243559755 0.0670124929062992
2 0.38173302107728335 0.16857830246740893 0.030444964871194385 0.05654179088968995
3 0.6615925058548008 0.5371470134520545 0.08196721311475413 0.35809800896803634
3 0.648711943793911 0.3088857094899729 0.07025761124121771 0.1277425646026329
