0 0.68952633158933 0.0997191011235955 0.021989450210137988 0.16292134831460675
0 0.7099451067844583 0.10252808988764045 0.01727742516510844 0.1348314606741573
1 0.5968565057037479 0.2064606741573034 0.03926687537524664 0.2471910112359551
3 0.3977734475512479 0.19382022471910113 0.06989503816793892 0.21629213483146068
3 0.2689780963204391 0.2289325842696629 0.05732963804786003 0.09269662921348316
3 0.39895145381250524 0.5238764044943821 0.06439767561540435 0.4494382022471911
3 0.3129569967407153 0.4831460674157303 0.09345516339308688 0.4016853932584269
3 0.22814054593018265 0.39747191011235955 0.07931908825799809 0.1769662921348315
2 0.12757043802456292 0.57919670608307 0.184807677159097 0.39751273150358896
2 0.06550646825067385 0.36164652886366006 0.07799498950114575 0.1211390344723405
2 0.4417523479715241 0.0877808988764045 0.02748681276267263 0.07724719101123596
2 0.5756523930011149 0.04424157303370786 0.02513080024015778 0.05196629213483146
2 0.6612541813191524 0.04845505617977528 0.023560125225148026 0.05196629213483146
4 0.638086724847757 0.6242977528089887 0.08874313834805726 0.3328651685393258
4 0.7692380886010806 0.46067415730337075 0.06361233810789954 0.17696629213483142
4 0.5870397868599365 0.4683988764044944 0.07303638819795864 0.20084269662921345
4 0.6255213247276781 0.34620786516853935 0.04633491294279111 0.09410112359550567
4 0.8293164079252078 0.2148876404494382 0.036125525345226776 0.09550561797752811
4 0.884290033450553 0.2289325842696629 0.02670147525516768 0.05617977528089888
4 0.8831120271892956 0.1776685393258427 0.022774787717643078 0.03792134831460675
4 0.8430598143065441 0.1558988764044944 0.022774787717643078 0.058988764044943826
