3 0.23472949389179754 0.4073048264031593 0.08027923211169284 0.24344656290763544
3 0.36910994764397903 0.2832407126136912 0.08551483420593371 0.3167926427580127
3 0.45898778359511355 0.21847768466069845 0.048865619546247886 0.29962653896324354
3 0.5349040139616056 0.19428908385897828 0.05759162303664908 0.22940156889373342
3 0.5702443280977313 0.16932020561204125 0.035776614310645695 0.21379601998939773
3 0.6020942408376964 0.15371465670770568 0.03490401396160557 0.21379601998939776
1 0.6745200698080279 0.17790325750942584 0.04886561954624782 0.19038769663289437
4 0.5706806282722513 0.47831007391788627 0.06457242582897038 0.25749155692153747
4 0.6230366492146596 0.38623733538230615 0.03490401396160557 0.18882714174246076
4 0.6226003490401396 0.6468500020847108 0.15095986038394416 0.3167926427580128
4 0.7691972076788831 0.4502200858900822 0.06893542757417094 0.15137382437205538
4 0.8464223385689355 0.15605548904335603 0.02094240837696347 0.04369553693213966
4 0.8874345549738218 0.18648630940681044 0.022687609075043726 0.0702249700695102
4 0.8917975567190226 0.2403254531267683 0.029668411867364738 0.024968878246936974
1 0.81282722513089 0.21301574254418099 0.051483420593368266 0.1857060319615937
1 0.9860383944153577 0.3386404112240825 0.027923211169284486 0.14669215970075467
2 0.12914485165794065 0.6101769621595221 0.11169284467713786 0.3901387226083901
2 0.0907504363001745 0.553996986103914 0.09075043630017453 0.39013872260839016
2 0.5279232111692845 0.05930108583647529 0.03839441535776615 0.05617997605560816
2 0.6618673647469459 0.04681664671300681 0.03054101221640494 0.05617997605560818
2 0.6034031413612566 0.032771652699104765 0.02705061082024429 0.053058866274741046
