1 0.4118673647469459 0.8776542834849215 0.11867364746945895 0.24469143303015684
1 0.21553228621291448 0.8614262995193251 0.1431064572425829 0.2684154411545724
1 0.2582897033158813 0.6780610998933819 0.10296684118673646 0.1950693613041951
1 0.36823734729493895 0.5945714132551865 0.10122164048865617 0.259052111811971
1 0.3442408376963351 0.43851592421183044 0.04275741710296679 0.11235995211121633
1 0.39223385689354273 0.3987217745057747 0.09336823734729492 0.22315934933199916
3 0.29581151832460734 0.36829095414232027 0.050610820244328066 0.30898986830584496
3 0.2325479930191972 0.3659501218066699 0.09162303664921467 0.2543704471406703
3 0.1832460732984293 0.30820959086062816 0.054101221640488625 0.16697937327639092
3 0.3957242582897033 0.22081851699634875 0.056719022687609026 0.1888271417424608
3 0.42495636998254793 0.21379601998939776 0.031413612565445066 0.23408323356503402
3 0.46553228621291454 0.2309621237841669 0.03752181500872602 0.2777787704971737
3 0.4965095986038394 0.2067735229824467 0.0401396160558464 0.2606126667024045
3 0.5266143106457243 0.19116797407811112 0.02705061082024429 0.2512493373598032
3 0.5737347294938918 0.15995687626943994 0.028795811518324683 0.2044326906467964
3 0.6082024432809773 0.13966966269380365 0.027923211169284555 0.17634270261899232
0 0.6636125654450262 0.11470078444686668 0.025305410122164033 0.14513160481032114
0 0.6906631762652705 0.10923884233034922 0.03054101221640494 0.1404499401390204
0 0.7081151832460734 0.0944135708712304 0.016579406631762765 0.13264716568685261
0 0.7364746945898779 0.11079939722078276 0.02094240837696347 0.13420772057728617
2 0.7609075043630017 0.17634270261899232 0.0349040139616055 0.156055489043356
2 0.6304537521815008 0.04291525948692291 0.025305410122163963 0.06710386028864308
4 0.7744328097731238 0.5071803393909071 0.060209424083769676 0.2153565748798313
4 0.8254799301919721 0.22315934933199913 0.03664921465968604 0.10611773254948208
4 0.8826352530541013 0.2387648982363347 0.02879581151832454 0.06866441517907663
1 0.9812390924956369 0.25437044714067036 0.025305410122164033 0.10923884233034925
1 0.9812390924956369 0.401062606841425 0.03752181500872595 0.17790325750942584
