0 0.7071964255081911 0.0955056179775281 0.02591613774766273 0.13764044943820225
2 0.6636101938416672 0.051966292134831456 0.028272150270177578 0.06179775280898876
2 0.49476262972810703 0.0702247191011236 0.03455485033021702 0.07865168539325844
2 0.4417523479715241 0.08216292134831461 0.03219883780770218 0.07162921348314605
2 0.5937151556737283 0.03792134831460674 0.028272150270177505 0.07022471910112359
2 0.12200571357683022 0.5883689463476839 0.17547193753594065 0.3924965379694577
2 0.05615163178660261 0.3497191011235955 0.0447642379277811 0.08988764044943821
3 0.23992060854275665 0.41502808988764045 0.10602056351316573 0.24578651685393257
3 0.16727688909855046 0.32794943820224715 0.09895252594562139 0.18679775280898878
3 0.390312741229951 0.28230337078651685 0.05968565057037487 0.2921348314606742
3 0.45745909812162266 0.23033707865168537 0.038481537867741694 0.25
3 0.5297101488120763 0.18328651685393257 0.04005221288275152 0.2542134831460674
4 0.626306662235183 0.6509831460674158 0.1562821639934814 0.3216292134831461
4 0.7664894073248134 0.464185393258427 0.07068037567544394 0.17556179775280903
4 0.5677990179260655 0.4796348314606742 0.09895252594562144 0.3047752808988764
4 0.626306662235183 0.3553370786516854 0.038481537867741625 0.11797752808988765
4 0.8289237391714553 0.21348314606741575 0.04162288789776156 0.09831460674157302
4 0.8811486834205334 0.23455056179775283 0.02670147525516768 0.07303370786516855
4 0.8846827022043056 0.175561797752809 0.021204112702633324 0.0533707865168539
4 0.8450231580753065 0.15660112359550563 0.02670147525516768 0.051966292134831435
