1 0.456369982547993 0.4837720160344037 0.08551483420593371 0.4182287106361941
3 0.2526178010471204 0.39325983238925716 0.08813263525305409 0.26841544115457233
3 0.343804537521815 0.2988462615180268 0.06457242582897034 0.32303486231974704
3 0.443717277486911 0.1989707485302789 0.06195462478184993 0.2387648982363347
3 0.4768760907504364 0.2239396267772159 0.028795811518324613 0.2262804591128662
3 0.5078534031413613 0.1958496387494118 0.03141361256544499 0.2262804591128662
3 0.5493019197207678 0.16697937327639095 0.047993019197207686 0.24968878246936968
2 0.12914485165794065 0.6109572396047389 0.10820244328097729 0.41666815574576055
2 0.07460732984293195 0.5274675529665435 0.07068062827225133 0.3121109780867121
2 0.6618673647469459 0.049157479048657145 0.03054101221640494 0.0702249700695102
2 0.6020942408376964 0.034332207589538324 0.040139616055846476 0.06866441517907665
2 0.5078534031413612 0.06476302795299275 0.041884816753926656 0.07334607985037733
2 0.4554973821989529 0.08348968663819548 0.027923211169284486 0.0671038602886431
4 0.6269633507853404 0.6406077825229766 0.14746945898778344 0.35424596012841825
4 0.7683246073298429 0.45880313778746673 0.07068062827225134 0.1685399281668245
4 0.619109947643979 0.37297261881362087 0.04973821989528794 0.1404499401390204
4 0.5658813263525305 0.4759692415822359 0.07940663176265275 0.2684154411545724
4 0.8272251308900525 0.21301574254418096 0.04886561954624782 0.09831495809731429
4 0.8787085514834206 0.23096212378416692 0.024432809773123978 0.06554330539820953
4 0.8887434554973822 0.18180464473550978 0.02006980802792313 0.045256091822573265
4 0.8472949389179756 0.15137382437205535 0.03839441535776615 0.046816646713006824
1 0.9864746945898779 0.3503445729023343 0.02705061082024429 0.14201049502945395
