0 0.706411088000686 0.08988764044943821 0.02120411270263318 0.14887640449438203
3 0.24031327729650911 0.4136235955056179 0.09109915087057206 0.2092696629213483
3 0.24698864611030102 0.2521067415730337 0.07303638819795864 0.1390449438202247
3 0.4268309353289304 0.2640449438202247 0.04790558795780079 0.2612359550561798
3 0.47041716699545405 0.22752808988764045 0.036125525345226846 0.24438202247191015
3 0.5446315614546701 0.16221910112359553 0.0369108628527318 0.2401685393258427
2 0.13057771121067516 0.5985116008375947 0.19421363417844595 0.41095452856163733
2 0.05654430054035508 0.35182584269662925 0.048690925465305776 0.09129213483146063
2 0.43978900420276174 0.09058988764044944 0.026701475255167608 0.08286516853932582
2 0.4943699609743545 0.06882022471910113 0.03062816279269228 0.07584269662921347
2 0.5937151556737283 0.037219101123595506 0.02513080024015778 0.07443820224719101
2 0.66243218758041 0.051264044943820225 0.03219883780770218 0.06882022471910113
4 0.6188459559138861 0.6341292134831461 0.14450210138090738 0.34691011235955055
4 0.7641333948022985 0.4627808988764045 0.06910970066043404 0.18117977528089882
4 0.5626943241272836 0.48525280898876405 0.0965965134231066 0.30477528089887634
4 0.6266993309889355 0.3637640449438202 0.04397890042027626 0.10955056179775284
4 0.8269603954026931 0.20997191011235955 0.03769620036023682 0.1109550561797753
4 0.8858607084655629 0.22682584269662923 0.03455485033021702 0.0800561797752809
4 0.884290033450553 0.17275280898876402 0.02670147525516768 0.05617977528089888
4 0.8414891392915343 0.15028089887640447 0.02748681276267263 0.06460674157303371
