3 0.47251308900523553 0.23096212378416694 0.04624781849912736 0.27465766071630665
3 0.5676265270506109 0.16229770860509027 0.047993019197207686 0.21223546509896424
3 0.6343804537521816 0.1178218942277338 0.033158813263525315 0.17946381239985942
0 0.6841186736474694 0.11548106189208347 0.022687609075043583 0.12172328145381771
0 0.7312390924956369 0.12328383634425126 0.02617801047120409 0.1685399281668245
0 0.7146596858638743 0.07802774452167802 0.015706806282722426 0.13108661079641906
0 0.700261780104712 0.08505024152862906 0.01832460732984302 0.1295260559059855
2 0.6618673647469459 0.04525609182257325 0.01832460732984302 0.04993775649387393
2 0.5951134380453752 0.02808998802780409 0.02443280977312391 0.05617997605560818
2 0.506544502617801 0.06788413773385987 0.034031413612565446 0.0827094091929787
2 0.4315008726003491 0.0905121836451465 0.039267015706806276 0.0905121836451465
2 0.13568935427574172 0.6218811238377738 0.10034904013961606 0.41354704596489356
2 0.0968586387434555 0.5883291936934522 0.0907504363001745 0.4213498204170613
2 0.10514834205933682 0.26919571859978914 0.046247818499127416 0.11704161678251701
4 0.62478184991274 0.6569936088725288 0.14136125654450254 0.3214743074293135
4 0.7713787085514835 0.4689467445752848 0.07678883071553244 0.17946381239985945
4 0.6260907504363001 0.3472234631214672 0.035776614310645695 0.1139205070016499
4 0.581151832460733 0.5118620040622077 0.1029668411867364 0.27777877049717375
4 0.8198080279232112 0.23096212378416692 0.039267015706806206 0.11235995211121633
4 0.8442408376963351 0.16229770860509027 0.03752181500872595 0.04993775649387395
4 0.8856893542757414 0.1716610379476916 0.019197207678883527 0.043695536932139734
4 0.882198952879581 0.22237907188678235 0.0401396160558464 0.06398275050777595
4 0.9886561954624782 0.3503445729023343 0.022687609075043583 0.12328383634425119
