0 0.7578483657962083 0.5187491197451242 0.17005152775193835 0.41984971338321125
0 0.857855502701259 0.5790717342232383 0.22038156711504966 0.4560625788126255
2 0.8594847775175642 0.3528626579597317 0.0421545667447306 0.18219021508900096
3 0.5778688524590163 0.3978866766311515 0.05269320843091336 0.3476273069514271
3 0.6654119035276089 0.46185354369912446 0.10841016246546274 0.38987426644294204
2 0.18149882903981265 0.17486072367737449 0.025761124121779843 0.0691066333096211
2 0.22189695550351288 0.15915467065246058 0.02927400468384075 0.07957733532623029
4 0.12236533957845434 0.26909704182685773 0.019906323185011718 0.05654179088968995
4 0.14695550351288056 0.2868972352550936 0.031615925058548024 0.0712007737129429
4 0.06498829039812647 0.3361095347331569 0.02927400468384076 0.11517772218270174
4 0.09016393442622947 0.27747360344014493 0.04215456674473064 0.06073007169633353
4 0.2283372365339578 0.6292891911982159 0.09601873536299763 0.24501442718865657
4 0.09133489461358314 0.7025841053144807 0.05620608899297424 0.22407302315543798
4 0.12939110070257612 0.7905380022539984 0.08313817330210771 0.2408261463820129
1 0.14180822428545267 0.5100024124979925 0.10577768631056886 0.2752383965450696
1 0.1693117544760544 0.4540465631777423 0.1011210638865509 0.2550191526045434
3 0.3044496487119438 0.24920270799530017 0.04683840749414518 0.20941404033218503
2 0.430327868852459 0.19475505750893204 0.03395784543325526 0.09633045855280513
2 0.5005854800936769 0.2052257595255413 0.026932084309133516 0.08795389693951769
2 0.38524590163934425 0.17695486408069633 0.028103044496487116 0.06491835250297733
