1 0.34554973821989526 0.8019673712988938 0.1343804537521815 0.3960652574022122
1 0.2683246073298429 0.621100846392557 0.12303664921465969 0.35268540523798464
2 0.4838568935427574 0.7457873952432856 0.08638743455497376 0.5084252095134285
4 0.8132635253054099 0.9463186986639982 0.1273996509598603 0.10736260267200355
4 0.7674520069808028 0.4705072994657184 0.08987783595113441 0.19506936130419505
4 0.8302792321116931 0.22081851699634872 0.03403141361256517 0.11704161678251702
1 0.7940663176265271 0.16775965072160773 0.03490401396160564 0.15137382437205538
4 0.8865619546247818 0.23018184633895017 0.02617801047120423 0.07646718963124446
4 0.9904013961605586 0.34566290823103357 0.019197207678883076 0.142010495029454
3 0.3424956369982548 0.3004068164084604 0.07417102966841181 0.32927708188148125
3 0.3865619546247818 0.2816801577232576 0.048865619546247886 0.31367153297714556
3 0.43324607329842935 0.24968878246936962 0.04101221640488653 0.29026320962064217
3 0.46465968586387435 0.22862129144851656 0.03054101221640494 0.25437044714067025
3 0.49738219895287955 0.19272852896854467 0.048865619546247886 0.2699759960450059
3 0.5414485165794066 0.18804686429724402 0.04101221640488646 0.245007117798069
3 0.5754799301919721 0.1685399281668245 0.035776614310645695 0.1997510259754957
3 0.6042757417102966 0.1482527145911882 0.025305410122164033 0.20911435531809705
3 0.6343804537521816 0.1287457784607687 0.03490401396160564 0.1888271417424608
0 0.6801919720767887 0.10845856488513245 0.023560209424083923 0.16697937327639095
0 0.7072425828970331 0.11001911977556598 0.014834205933682369 0.13888938524858685
0 0.7264397905759162 0.10065579043296463 0.01832460732984288 0.13264716568685261
2 0.6609947643979058 0.04057442715127257 0.021815008726003383 0.0468166467130068
2 0.6256544502617801 0.025749155692153743 0.020942408376963328 0.029650542918237644
2 0.48167539267015713 0.06788413773385989 0.03839441535776608 0.06086164072690886
