1 0.6988633857769773 0.7345401427124222 0.17464575658840872 0.49431429012971906
1 0.8559486047427681 0.8013883027086937 0.2057649706238962 0.3447503735776389
0 0.8411207197002437 0.584507723153337 0.16792469693319034 0.33736242412254164
2 0.9250585480093677 0.4669933099407726 0.049180327868852486 0.1130835817793799
2 0.8313817330210773 0.33715660493481786 0.05620608899297423 0.18847263629896646
2 0.5509367681498829 0.20731989992886315 0.043325526932084274 0.10470702016609251
2 0.2265807962529274 0.17276658327405264 0.03161592505854799 0.10261287976277067
2 0.1914519906323185 0.17486072367737449 0.026932084309133478 0.08585975653619586
4 0.12763466042154564 0.265955831221875 0.0281030444964871 0.07957733532623028
4 0.1446135831381733 0.3015562180783465 0.03161592505854794 0.1005187393594488
4 0.08723653395784543 0.2764265332384842 0.04332552693208431 0.0795773353262303
4 0.06147540983606557 0.33087418372485233 0.03864168618266979 0.12146014339266728
4 0.22775175644028103 0.6198655593832676 0.10187353629976577 0.2345437251720471
4 0.08723653395784543 0.7203842987427165 0.05737704918032786 0.23035544436540362
4 0.1288056206088993 0.8031028446739295 0.06791569086651053 0.29527379686838096
3 0.38173302107728335 0.28689723525509353 0.053864168618266955 0.26386169081855315
3 0.4543325526932084 0.3340153943298351 0.049180327868852416 0.3036503584816683
3 0.7276548565786117 0.39697582908072737 0.14755684694898946 0.2528856520297516
