1 0.5304954863195814 0.3181179775280899 0.04790558795780086 0.33848314606741575
4 0.5780084055236298 0.464185393258427 0.09424050090059176 0.15308988764044948
4 0.6231653122051635 0.36095505617977525 0.04790558795780054 0.1320224719101126
4 0.7712014323698427 0.4676966292134832 0.06753902564542415 0.19101123595505623
4 0.6349453748177373 0.5969101123595506 0.11230326357320522 0.2612359550561798
4 0.8261750578951882 0.20926966292134835 0.02827215027017758 0.09550561797752811
4 0.8862533772193154 0.23174157303370788 0.02591613774766273 0.05898876404494388
4 0.8878240522343254 0.1839887640449438 0.019633437687623285 0.04494382022471907
4 0.8450231580753066 0.1558988764044944 0.020418775195128233 0.050561797752808973
1 0.771201432369843 0.13834269662921347 0.029842825285187332 0.13623595505617975
0 0.7016990629556565 0.09620786516853932 0.021204112702633324 0.14747191011235955
3 0.3989514538125053 0.24438202247191015 0.058114975555364906 0.30337078651685395
3 0.37971068487863446 0.5344101123595506 0.08088976327300798 0.4171348314606741
3 0.31334966549446774 0.24789325842696633 0.06439767561540442 0.1502808988764045
3 0.2858628527317951 0.4297752808988764 0.10209387597564117 0.3033707865168539
2 0.12952105930777236 0.5952541510689303 0.18186672505114024 0.4186138534898822
2 0.05693696929410755 0.34410112359550565 0.038481537867741646 0.07865168539325844
2 0.4390036666952568 0.08918539325842698 0.018848100180118336 0.07443820224719101
2 0.5591603053435114 0.046348314606741575 0.01884810018011841 0.07584269662921349
2 0.6671442126254395 0.05407303370786517 0.02591613774766273 0.05477528089887642
