4 0.22775175644028103 0.629289191198216 0.09718969555035127 0.2450144271886564
4 0.07903981264637001 0.7161960179360727 0.07377049180327869 0.25548512920526567
4 0.1276346604215457 0.7978674936656244 0.0725995316159251 0.27223825243184036
4 0.0626463700234192 0.3434390261447834 0.038641686182669784 0.1340249858125984
4 0.08489461358313818 0.2722382524318405 0.033957845433255265 0.0712007737129429
4 0.12704918032786885 0.26804997162519684 0.029274004683840733 0.08795389693951773
4 0.14754098360655735 0.3026032882800073 0.03278688524590164 0.08585975653619578
1 0.012295081967213115 0.26490876102021405 0.02459016393442623 0.13193084540927658
1 0.08217865194995688 0.4928053180042481 0.11694149706523975 0.2013630496757456
3 0.642271662763466 0.45966381852914606 0.06674473067915686 0.3916042554211859
3 0.3846604215456675 0.2837560246501107 0.05737704918032783 0.26176755041523125
2 0.1885245901639344 0.1717195130723917 0.03512880562060893 0.0963304585528051
2 0.2259953161592506 0.16543709186242617 0.03044496487119435 0.09633045855280513
2 0.8395784543325526 0.35181558775807076 0.04918032786885225 0.19266091710561026
2 0.9297423887587822 0.45652260792416327 0.028103044496487116 0.13402498581259842
0 0.7619150506068787 0.5124796184631443 0.17171040920490327 0.4144049796543169
0 0.8595735476175235 0.6106284733484987 0.17809677082886055 0.3697186695521115
2 0.4701405152224824 0.18847263629896652 0.040983606557377004 0.1005187393594488
