1 0.3267888307155323 0.8425417984501664 0.17539267015706805 0.3149164030996671
1 0.40924956369982546 0.6942890838589783 0.09424083769633512 0.6114218322820435
1 0.3551483420593368 0.4588031377874667 0.0802792321116928 0.2621732215928381
3 0.33769633507853397 0.29728570662759324 0.07329842931937172 0.088951628754713
3 0.24956369982547993 0.38233594815622224 0.09424083769633505 0.30898986830584496
3 0.1858638743455497 0.330057359326698 0.07155322862129143 0.2044326906467964
3 0.35776614310645727 0.1841454770711601 0.0558464223385689 0.12796550101555193
3 0.41666666666666674 0.2473479501337193 0.039267015706806345 0.2855815449493415
3 0.456369982547993 0.22237907188678235 0.041884816753926656 0.28558154494934157
3 0.49694589877835954 0.20911435531809708 0.039267015706806276 0.24968878246936968
3 0.5205061082024433 0.12640494612511838 0.03752181500872595 0.10299662276861497
1 0.5423211169284468 0.31133070064149526 0.07591623036649224 0.32303486231974693
3 0.5789703315881326 0.15683576648857284 0.02705061082024429 0.18570603196159371
3 0.5999127399650961 0.14747243714597144 0.02356020942408378 0.19194825152332792
3 0.6199825479930189 0.13576827546771983 0.02705061082024406 0.1872665868520274
3 0.643979057591623 0.12718522357033513 0.022687609075043653 0.1763427026189923
0 0.6819371727748691 0.10845856488513243 0.025305410122164033 0.16073715371465672
0 0.7273123909249564 0.12094300400860092 0.028795811518324683 0.15137382437205538
2 0.6609947643979058 0.04291525948692291 0.016579406631762765 0.04525609182257325
2 0.5423211169284468 0.04057442715127257 0.02705061082024443 0.05617997605560816
2 0.475130890052356 0.07334607985037733 0.03228621291448512 0.05930108583647528
2 0.6605584642233857 0.28792237728499187 0.041884816753926725 0.23876489823633476
4 0.7818499127399651 0.4946959002674386 0.06806282722513089 0.1903876966328943
4 0.8158813263525306 0.9556820280065996 0.10645724258289704 0.08863594398680079
4 0.9886561954624782 0.348003740566684 0.022687609075043583 0.15605548904335606
4 0.8246073298429321 0.2278410140032998 0.04886561954624782 0.11235995211121633
4 0.8826352530541013 0.22081851699634877 0.030541012216404796 0.06710386028864307
