2 0.14092495636998253 0.6148586268308227 0.13699825479930192 0.4119864910744599
2 0.07504363001745201 0.5672617026725991 0.10645724258289704 0.4166681557457607
2 0.4733856893542757 0.07802774452167802 0.025305410122164033 0.07178552495994378
2 0.5047993019197208 0.05305886627474106 0.025305410122164033 0.0749066347408109
2 0.656195462478185 0.05305886627474106 0.038394415357766006 0.04993775649387393
2 0.5990401396160558 0.034332207589538324 0.035776614310645695 0.06554330539820953
1 0.38612565445026176 0.6008136328169208 0.10558464223385691 0.4307131497596627
1 0.23691099476439784 0.9525609182257321 0.15270506108202445 0.0948781635485358
1 0.9869109947643979 0.34332207589538327 0.02617801047120423 0.14044994013902046
3 0.34424083769633507 0.2949448742919429 0.08464223385689351 0.3058687585249778
3 0.4315008726003491 0.22628045911286626 0.06195462478184993 0.2902632096206422
3 0.46815008726003493 0.24812822757893607 0.04624781849912736 0.26529433137370523
3 0.5030541012216405 0.20911435531809708 0.028795811518324613 0.24656767268850255
3 0.5466841186736474 0.16775965072160773 0.04450261780104711 0.2481282275789361
4 0.6260907504363001 0.6437288923038436 0.15095986038394416 0.348003740566684
4 0.7600349040139617 0.4580228603422499 0.0767888307155323 0.17946381239985945
4 0.5706806282722513 0.4837720160344037 0.07853403141361248 0.24968878246936968
4 0.6243455497382199 0.3745331737040545 0.04624781849912743 0.15293437926248887
4 0.8276614310645724 0.21535657487983134 0.042757417102966856 0.1186021716729506
4 0.8826352530541013 0.22628045911286626 0.02879581151832454 0.06554330539820956
4 0.8808900523560209 0.18336519962594333 0.021815008726003525 0.0514983113843075
4 0.8451134380453752 0.15683576648857278 0.039267015706806345 0.0514983113843075
