1 0.5890052356020942 0.8136715329771457 0.1326352530541012 0.37265693404570877
1 0.41841186736474695 0.8355193014432154 0.1335078534031414 0.3289613971135691
1 0.48909249563699825 0.6616752735438296 0.09685863874345543 0.34020096611451606
1 0.2661431064572426 0.9166681557457607 0.12739965095986036 0.16666368850847874
1 0.23996509598603835 0.6523119442012282 0.1169284467713787 0.4619242475683339
1 0.3376963350785341 0.5391717146447951 0.06631762652705067 0.348003740566684
1 0.387870855148342 0.5953516907004033 0.06369982547993018 0.20755380042766347
1 0.3708551483420594 0.3815556707110055 0.0558464223385689 0.17322159283812524
1 0.3215532286212915 0.32147430742931343 0.05497382198952877 0.1310866107964191
3 0.25130890052356025 0.33317846910756516 0.09773123909249563 0.21691712977026487
3 0.2006980802792321 0.26529433137370523 0.05759162303664923 0.21847768466069847
3 0.2796684118673648 0.22940156889373337 0.05322862129144852 0.14981326948162177
3 0.35209424083769636 0.2301818463389501 0.05322862129144852 0.1981904710850621
3 0.40052356020942415 0.25671127947632066 0.04363001745200698 0.2637337764832716
3 0.43411867364746937 0.25046905991458646 0.025305410122164106 0.27621821560674015
3 0.47643979057591623 0.22159879444156552 0.03490401396160557 0.2496887824693696
3 0.5209424083769634 0.19428908385897828 0.040139616055846476 0.22940156889373342
3 0.5584642233856894 0.17088076050247486 0.045375218150087306 0.21691712977026487
3 0.6208551483420593 0.13498799802250297 0.03577661431064577 0.16385826349552382
0 0.6653577661431064 0.12328383634425126 0.01832460732984302 0.14981326948162177
0 0.6841186736474694 0.10845856488513242 0.017452006980802962 0.13888938524858685
0 0.700261780104712 0.09987551298774786 0.020069808027923273 0.1404499401390204
0 0.7190226876090751 0.10377690021383175 0.010471204188481664 0.13264716568685261
2 0.7547993019197208 0.11314022955643313 0.02617801047120409 0.11704161678251702
1 0.801312805018537 0.5040662972393541 0.16844346873054733 0.4163647672502097
4 0.8232984293193718 0.22159879444156555 0.0410122164048866 0.10611773254948212
4 0.8769633507853404 0.22315934933199913 0.029668411867364738 0.06866441517907668
4 0.993019197207679 0.3441023533406 0.013961605584642172 0.1295260559059855
2 0.6361256544502618 0.034332207589538324 0.020942408376963328 0.0468166467130068
2 0.5226876090750436 0.05461942116517461 0.027923211169284413 0.05305886627474106
2 0.4720767888307155 0.07256580240516054 0.029668411867364738 0.04837720160344037
