0 0.8195726128041408 0.5763866330457688 0.15929332108882022 0.37415057033658483
0 0.8773218704587964 0.6078227424017542 0.15909064022894653 0.3826421173365131
2 0.93384074941452 0.46071088873080696 0.024590163934426243 0.11727186258602366
2 0.8331381733021077 0.3371566049348179 0.045667447306791474 0.17171951307239172
2 0.6580796252927401 0.2586263398102485 0.03747072599531606 0.1654370918624261
2 0.22833723653395788 0.15391931964415598 0.023419203747072608 0.08585975653619585
2 0.4373536299765808 0.17904900448401817 0.024590163934426243 0.06910663330962107
4 0.22716627634660416 0.6251009103915723 0.11475409836065573 0.2282613039620815
4 0.08957845433255268 0.6858309820879058 0.08313817330210775 0.194755057508932
4 0.12060889929742385 0.8072911254805735 0.07962529274004677 0.2575792696085876
4 0.06147540983606557 0.3413448857414616 0.03864168618266979 0.1382132666192421
4 0.08372365339578454 0.2722382524318405 0.04098360655737707 0.07957733532623035
4 0.12295081967213115 0.26909704182685773 0.028103044496487133 0.07329491411626483
4 0.14402810304449648 0.2963208670700418 0.03512880562060891 0.0942363181494833
3 0.25995316159250587 0.2261671635587598 0.037470725995316166 0.18009607468567912
3 0.3138173302107728 0.24501442718865646 0.042154566744730705 0.23454372517204716
3 0.46487119437939106 0.3434390261447834 0.05620608899297423 0.2638616908185531
3 0.6159250585480094 0.4083573786477608 0.06557377049180346 0.3895101150178641
