3 0.22294938917975568 0.40808510384837604 0.11082024432809774 0.2543704471406703
3 0.4458987783595113 0.245007117798069 0.054101221640488646 0.27777877049717375
3 0.5205061082024433 0.18726658685202724 0.039267015706806276 0.24344656290763544
3 0.5619546247818499 0.1841454770711601 0.03490401396160564 0.21535657487983134
3 0.5824607329842932 0.16463854094074062 0.018324607329842948 0.19819047108506216
3 0.6060209424083769 0.1412302175842372 0.02356020942408378 0.1857060319615937
0 0.6863001745200699 0.13108661079641906 0.037521815008726096 0.1529343792624889
1 0.7630890052356021 0.1451316048103211 0.03228621291448519 0.15605548904335603
2 0.12609075043630016 0.6218811238377738 0.10558464223385691 0.37297261881362087
2 0.08856893542757417 0.543073101870879 0.07766143106457242 0.37141206392318726
4 0.6208551483420593 0.6593344412081791 0.16143106457242581 0.3261559721006141
4 0.7643979057591624 0.44631869866399826 0.06457242582897024 0.17166103794769164
4 0.5684991273996509 0.47362840924658556 0.06544502617801051 0.22940156889373342
4 0.6265270506108203 0.3565867924640685 0.04712041884816763 0.12952605590598545
4 0.8311518324607323 0.21613685232504815 0.03403141361256544 0.10143606787818146
4 0.8451134380453752 0.16307798605030704 0.021815008726003525 0.05461942116517461
4 0.8878708551483419 0.17868353495464265 0.025305410122164033 0.04213498204170614
4 0.8865619546247818 0.2278410140032998 0.041884816753926656 0.05305886627474102
1 0.9842931937172775 0.3519051277927679 0.03141361256544499 0.16073715371465672
2 0.6592495636998253 0.05149831138430749 0.018324607329842736 0.043695536932139685
2 0.4559336823734729 0.09129246109036329 0.027050610820244358 0.04213498204170613
