4 0.22892271662763466 0.6418540336181471 0.09718969555035124 0.2743323928351626
4 0.08430913348946137 0.7214313689443773 0.06323185011709602 0.2617675504152313
4 0.12880562060889927 0.8041499148755904 0.06557377049180328 0.2931796564650587
4 0.14695550351288056 0.30783863928831195 0.031615925058548 0.11727186258602355
4 0.12295081967213115 0.2827089544484498 0.03747072599531613 0.07538905451958662
4 0.08782201405152223 0.2753794630368233 0.03747072599531616 0.06073007169633364
4 0.06440281030444965 0.3382036751364788 0.03747072599531616 0.11936600298934544
1 0.016393442622950824 0.2429202867853346 0.023419203747072605 0.11727186258602358
2 0.19262295081967212 0.167531232265748 0.024590163934426243 0.07120077371294292
2 0.2259953161592506 0.16543709186242617 0.03278688524590162 0.09214217774616143
2 0.4414519906323185 0.19056677670228836 0.025761124121779916 0.0795773353262303
2 0.6241217798594848 0.23035544436540348 0.04449648711943795 0.12146014339266731
2 0.8378220140515221 0.36019214937135824 0.05503512880562054 0.18009607468567906
2 0.9053260572853101 0.4559765304959377 0.0696223552208133 0.12914433116060026
3 0.6533957845433248 0.5360999432503937 0.06323185011709595 0.3685687109846457
3 0.6598360655737704 0.29527379686838073 0.06440281030444973 0.09214217774616133
0 0.8227044486981664 0.5851271461970167 0.17073301984274594 0.34807360335686127
0 0.8822536966731352 0.6289493728743158 0.15474079274007294 0.3613013439005465
3 0.3987119437939111 0.3026032882800073 0.05503512880562076 0.24082614638201277
3 0.3237704918032787 0.26072048021357036 0.05503512880562063 0.22826130396208172
