4 0.2312646370023419 0.6334774720048597 0.08782201405152218 0.23663786557536903
4 0.08548009367681499 0.7057253159194634 0.06323185011709603 0.20103747871889766
4 0.13758782201405154 0.8146206168921997 0.09953161592505858 0.26386169081855315
4 0.06850117096018735 0.3361095347331569 0.026932084309133488 0.11098944137605805
4 0.08957845433255268 0.2764265332384842 0.03864168618266979 0.054447650486368106
4 0.1206088992974239 0.2722382524318405 0.025761124121779878 0.07538905451958659
4 0.14285714285714288 0.29317965646505906 0.030444964871194385 0.08376561613287396
1 0.17180921137904914 0.4931419318559142 0.13524103224840878 0.2721398412536666
1 0.17323282606912332 0.44436792448895074 0.055869073558189604 0.20153542731137578
2 0.18266978922716626 0.1874255660973056 0.021077283372365335 0.09004803734283956
2 0.21955503512880561 0.1602017408541215 0.024590163934426208 0.08167147572955213
2 0.4256440281030445 0.19580212771059302 0.026932084309133443 0.09004803734283957
2 0.502927400468384 0.2115081807355069 0.0362997658079626 0.0795773353262303
2 0.8337236533957847 0.3654275003796629 0.05854800936768143 0.13611912621592026
2 0.9361826697892272 0.461757958932468 0.04566744730679161 0.09423631814948323
3 0.48419203747072603 0.3999808170344734 0.07377049180327873 0.32668590291820865
3 0.367096018735363 0.3005091478766855 0.05035128805620609 0.23244958476872538
0 0.7167898386135145 0.5006537309708184 0.1090411198574165 0.3780074811884612
0 0.8535556619569633 0.5786490755145016 0.1706963423122535 0.39161694660929114
