2 0.5536649214659688 0.453341195670949 0.06893542757417051 0.39794149706055776
1 0.8211169284467714 0.5235661657404594 0.10471204188481664 0.4260314850883619
4 0.8237347294938918 0.2239396267772159 0.04363001745200705 0.10143606787818144
4 0.8765270506108203 0.21301574254418099 0.03054101221640494 0.07334607985037735
4 0.9925828970331588 0.3573670699092853 0.014834205933682369 0.13420772057728622
1 0.568935427574171 0.8261559721006141 0.11867364746945895 0.3476880557987718
1 0.40008726003490397 0.8355193014432154 0.14397905759162305 0.3289613971135691
1 0.4677137870855148 0.6725991577768644 0.12739965095986044 0.38701761282752295
1 0.2975567190226876 0.7170749721542209 0.10994764397905761 0.5227858882952426
1 0.3586387434554974 0.5048395070552568 0.09598603839441548 0.2855815449493417
1 0.3726003490401396 0.348003740566684 0.05759162303664923 0.1404499401390204
1 0.32897033158813266 0.32693624954583084 0.05759162303664923 0.11392050700164993
3 0.26396160558464216 0.3487840180119008 0.06719022687609083 0.2325226786746003
3 0.20331588132635253 0.2715365509354395 0.054101221640488646 0.2153565748798313
3 0.2844677137870855 0.2239396267772159 0.05759162303664923 0.12640494612511838
3 0.35296684118673655 0.20755380042766355 0.06020942408376961 0.16229770860509032
3 0.40139616055846417 0.26607460881892203 0.04712041884816749 0.2855815449493415
3 0.43324607329842935 0.24578739524328574 0.03403141361256537 0.2637337764832717
3 0.48123909249563696 0.21301574254418099 0.04275741710296679 0.2762182156067402
3 0.518760907504363 0.1857060319615937 0.02705061082024443 0.23096212378416694
3 0.5488656195462478 0.15761604393378958 0.02966841186736467 0.19662991619462858
3 0.606457242582897 0.14279077247467076 0.02966841186736467 0.17946381239985942
0 0.6675392670157068 0.11548106189208346 0.022687609075043726 0.14669215970075467
0 0.6836823734729494 0.11470078444686667 0.016579406631762765 0.15137382437205535
0 0.6985165794066317 0.10065579043296463 0.020069808027923273 0.14825271459118822
0 0.7164048865619546 0.09519384831644719 0.012216404886561918 0.12484439123468481
2 0.7626527050610821 0.1217232814538177 0.0349040139616055 0.11548106189208347
2 0.6369982547993019 0.04993775649387393 0.02443280977312391 0.08426996408341225
2 0.42713787085514837 0.08426996408341227 0.028795811518324613 0.05617997605560818
1 0.17888307155322863 0.9611439701231171 0.11343804537521814 0.07771205975376588
