3 0.5462529274004684 0.41254565945440447 0.07845433255269313 0.364380430178002
3 0.3799765807962528 0.2795677438434669 0.055035128805620406 0.27852067364180605
1 0.33782201405152223 0.5203938902254797 0.11358313817330194 0.36647457058132366
4 0.2230679156908665 0.6313833316015378 0.0971896955503513 0.2492027079953001
4 0.08489461358313818 0.7193372285410555 0.06440281030444965 0.24501442718865654
4 0.12704918032786885 0.7842555810440328 0.07142857142857141 0.2701441120285186
4 0.12997658079625293 0.26804997162519684 0.023419203747072573 0.06701249290629921
4 0.1434426229508197 0.30050914787668553 0.031615925058548024 0.08585975653619587
4 0.08548009367681499 0.26909704182685773 0.042154566744730664 0.06491835250297737
4 0.06440281030444965 0.3361095347331569 0.03512880562060888 0.11936600298934544
2 0.18969555035128807 0.17171951307239167 0.03044496487119436 0.09633045855280509
2 0.2230679156908665 0.16334295145910432 0.026932084309133516 0.0795773353262303
2 0.44789227166276346 0.19475505750893204 0.029274004683840785 0.06701249290629921
2 0.49414519906323184 0.19580212771059297 0.0374707259953162 0.08167147572955216
2 0.8460187353629977 0.3340153943298351 0.03395784543325519 0.1444956878292077
2 0.9233165946595503 0.4255036248557337 0.05272274197588672 0.08114788010623031
0 0.8621414727582128 0.6068054727891298 0.1925185844726039 0.35839153043030253
0 0.7611688835862099 0.525600942188261 0.20178982910695992 0.41069764626193167
