1 0.81239092495637 0.5188845010691588 0.09249563699825472 0.42603148508836197
1 0.5964223385689355 0.8066490359701946 0.11954624781849908 0.3867019280596108
1 0.40881326352530545 0.8292770818814812 0.13525305410122157 0.34144583623703767
1 0.4677137870855148 0.6608949960986128 0.1169284467713787 0.3760937285944882
1 0.23123909249563698 0.5009381198291729 0.10122164048865619 0.19038769663289437
2 0.2164048865619546 0.7607705090863607 0.15881326352530542 0.32927708188148125
1 0.26527050610820246 0.9605215350618563 0.1273996509598604 0.06710386028864321
1 0.3337696335078534 0.5056197845004736 0.081151832460733 0.2808998802780409
1 0.38045375218150107 0.4517806407805158 0.06806282722513052 0.2980659840728097
1 0.31544502617801046 0.3238151397649638 0.056719022687609096 0.10143606787818146
3 0.28010471204188486 0.32771652699104764 0.047120418848167527 0.2278410140032998
3 0.23647469458987785 0.30118709385367715 0.04886561954624785 0.15605548904335598
3 0.2098603839441536 0.26373377648327173 0.04799301919720765 0.1779032575094259
3 0.2761780104712042 0.18024408984507623 0.030541012216404866 0.0671038602886431
3 0.3507853403141361 0.2169171297702649 0.059336823734729476 0.18726658685202724
3 0.3983420593368237 0.25046905991458646 0.028795811518324613 0.2543704471406703
3 0.4319371727748691 0.24578739524328574 0.0401396160558464 0.2887026547302087
3 0.48080279232111695 0.21925796210591522 0.041884816753926656 0.23876489823633468
3 0.518760907504363 0.1896074191876776 0.028795811518324683 0.22940156889373337
3 0.5545375218150087 0.17478214772855874 0.039267015706806276 0.20599324553722997
0 0.6426701570680629 0.13030633335120229 0.021815008726003525 0.14825271459118824
0 0.6657940663176265 0.1139205070016499 0.020942408376963328 0.13732883035815333
0 0.7050610820244327 0.10611773254948212 0.017452006980802678 0.15293437926248893
0 0.7198952879581151 0.09987551298774786 0.012216404886561918 0.12484439123468484
2 0.7517452006980803 0.11626133933730025 0.01832460732984288 0.11392050700164988
2 0.6287085514834206 0.042134982041706126 0.025305410122163963 0.062422195617342406
2 0.6640488656195465 0.03589276247997189 0.013961605584642172 0.01872665868520272
2 0.42713787085514837 0.07646718963124446 0.03228621291448512 0.0312110978086712
2 0.5244328097731237 0.06320247306255922 0.02792321116928423 0.03277165269910481
4 0.8219895287958116 0.22237907188678233 0.04886561954624782 0.10767828743991564
4 0.8734729493891797 0.2161368523250481 0.02094240837696347 0.054619421165174625
4 0.9921465968586388 0.3425417984501665 0.015706806282722426 0.11704161678251701
