1 0.23342059336823734 0.8784345609301384 0.1736474694589878 0.24313087813972317
1 0.4275741710296684 0.7887026547302086 0.1518324607329843 0.42259469053958265
1 0.5894415357766143 0.7162946947090042 0.15095986038394407 0.36204873458058595
1 0.5911867364746947 0.9503779282740382 0.1457242582897033 0.09675440320688082
1 0.47294938917975565 0.5898897485838858 0.10994764397905754 0.34332207589538327
1 0.3320244328097731 0.7022497006951022 0.10034904013961611 0.5524364312134803
1 0.33333333333333326 0.4174484331909774 0.07155322862129147 0.1326471656868526
1 0.3730366492146597 0.4112062136292431 0.07591623036649217 0.23564378845546763
1 0.29188481675392675 0.3745331737040544 0.05322862129144852 0.1997510259754957
3 0.28359511343804533 0.2403254531267683 0.0506108202443281 0.09675440320688075
3 0.23603839441535776 0.3355193014432154 0.054973821989528805 0.25280989225023676
3 0.24607329842931938 0.19506936130419505 0.029668411867364738 0.07802774452167803
3 0.3054101221640489 0.2005313034207125 0.05410122164048861 0.15761604393378958
3 0.3730366492146597 0.20911435531809708 0.056719022687609096 0.19350880641376145
3 0.43237347294938916 0.259052111811971 0.04624781849912743 0.28089988027804086
3 0.5030541012216405 0.22237907188678235 0.04624781849912743 0.245007117798069
3 0.4585514834205934 0.1373288303581533 0.028795811518324613 0.08426996408341225
3 0.5239965095986038 0.18804686429724404 0.030541012216404796 0.22003823955113205
3 0.5859511343804538 0.15059354692683857 0.028795811518324683 0.21067491020853063
0 0.6465968586387434 0.1248443912346848 0.019197207678882933 0.16229770860509024
0 0.667975567190227 0.11548106189208346 0.021815008726003383 0.15917659882422316
0 0.6828097731239091 0.11157967466599956 0.013089005235602115 0.13576827546771975
0 0.700261780104712 0.10533745510426532 0.020069808027923273 0.14201049502945398
0 0.7198952879581151 0.0990952355425311 0.015706806282722568 0.11079939722078279
2 0.7547993019197208 0.12016272656338416 0.024432809773123978 0.12484439123468484
2 0.6278359511343805 0.04759692415822359 0.025305410122164033 0.0671038602886431
2 0.48560209424083767 0.06632358284342631 0.025305410122164106 0.042134982041706126
2 0.5440663176265271 0.06476302795299275 0.03752181500872602 0.060861640726908854
1 0.806282722513089 0.5064000619456902 0.10296684118673653 0.42915259486922896
4 0.8263525305410121 0.21925796210591522 0.04363001745200691 0.10767828743991564
4 0.882198952879581 0.22159879444156555 0.029668411867364596 0.06554330539820953
4 0.9908376963350782 0.3402009661145161 0.018324607329843017 0.13108661079641898
2 0.06849912739965096 0.5165436687335084 0.09336823734729494 0.3745331737040546
