2 0.13394415357766143 0.6257825110638576 0.07591623036649209 0.4119864910744598
2 0.0968586387434555 0.5516561537682635 0.09424083769633508 0.39482038727969077
2 0.4354275741710296 0.09129246109036326 0.03490401396160557 0.07334607985037732
2 0.5061082024432809 0.0702249700695102 0.036649214659685826 0.06554330539820953
2 0.5938045375218151 0.03199137525388798 0.030541012216404796 0.06398275050777597
2 0.6614310645724258 0.03589276247997189 0.03141361256544499 0.03745331737040545
3 0.5209424083769634 0.18180464473550978 0.040139616055846476 0.20755380042766347
3 0.5715532286212915 0.15761604393378958 0.036649214659685826 0.19038769663289432
0 0.6531413612565445 0.12718522357033513 0.03228621291448519 0.15761604393378956
0 0.6910994764397905 0.10767828743991564 0.022687609075043726 0.11860217167295058
0 0.736910994764398 0.12718522357033518 0.03752181500872547 0.1513738243720554
0 0.712041884816754 0.04603636926779003 0.013961605584642172 0.07334607985037733
4 0.6330715532286212 0.6374866727421095 0.14048865619546247 0.34176152100494966
4 0.7678883071553229 0.4525609182257325 0.06980802792321128 0.14357104991988756
4 0.6195462478184992 0.35502623757363494 0.05061082024432814 0.10455717765904858
4 0.5794066317626527 0.49703673260308867 0.09947643979057612 0.21067491020853069
4 0.8246073298429321 0.23096212378416692 0.047120418848167415 0.11235995211121633
4 0.8451134380453752 0.14981326948162177 0.021815008726003525 0.0468166467130068
4 0.8843804537521813 0.1685399281668245 0.021815008726003525 0.04057442715127257
4 0.882198952879581 0.22471990422243265 0.029668411867364596 0.05617997605560813
4 0.9895287958115183 0.35112485034755103 0.020942408376963328 0.14044994013902037
