2 0.13045375218150088 0.6335852855160254 0.11780104712041885 0.4213498204170613
2 0.06849912739965096 0.5009381198291729 0.039267015706806296 0.24656767268850252
2 0.3992146596858639 0.11157967466599956 0.027050610820244358 0.08270940919297867
2 0.4655322862129145 0.08973190619992971 0.03054101221640494 0.07334607985037732
3 0.5510471204188481 0.18024408984507623 0.04450261780104718 0.2013115808659293
3 0.6265270506108203 0.149032992036405 0.036649214659685896 0.17634270261899232
0 0.6749563699825479 0.11314022955643312 0.030541012216404796 0.15137382437205535
0 0.7290575916230366 0.13342744313206942 0.02356020942408378 0.13264716568685261
0 0.6958987783595114 0.10845856488513245 0.01832460732984302 0.13576827546771975
0 0.7203315881326353 0.04993775649387393 0.016579406631762765 0.04369553693213968
2 0.6601221640488657 0.04525609182257325 0.01832460732984302 0.0436955369321397
4 0.6239092495636999 0.6437288923038436 0.13961605584642228 0.3542459601284181
4 0.5767888307155323 0.49547617771265545 0.1012216404886562 0.24500711779806905
4 0.6173647469458988 0.34566290823103357 0.035776614310645695 0.08895162875471292
4 0.7639616055846422 0.4572425828970331 0.08638743455497376 0.181024367290293
4 0.8302792321116929 0.21847768466069845 0.035776614310645695 0.09675440320688075
4 0.8416230366492147 0.14201049502945398 0.01657940663176248 0.05617997605560816
4 0.882198952879581 0.18258492218072653 0.027923211169284486 0.03433220758953834
4 0.8848167539267012 0.23096212378416694 0.027923211169284597 0.04681664671300685
4 0.9886561954624782 0.34332207589538327 0.022687609075043583 0.14357104991988753
