1 0.7463486184711812 0.7375475626289734 0.2607593810579523 0.46557197210529894
1 0.8315680080751247 0.7525985304129592 0.2338233506842822 0.41635769750068424
4 0.2306791569086651 0.6177714189799457 0.0983606557377049 0.24710856759197825
4 0.08430913348946137 0.7109606669277682 0.06323185011709602 0.23663786557536903
4 0.1282201405152225 0.7947262830606422 0.07845433255269328 0.28689723525509336
4 0.06147540983606557 0.3361095347331569 0.040983606557377046 0.11517772218270174
4 0.08430913348946137 0.28270895444844973 0.04918032786885246 0.06701249290629921
4 0.12646370023419204 0.26909704182685773 0.028103044496487116 0.08167147572955212
4 0.14344262295081964 0.3005091478766856 0.02927400468384068 0.10261287976277067
2 0.19028103044496503 0.17171951307239172 0.036299765807962577 0.08376561613287402
2 0.22365339578454332 0.1622958812574434 0.028103044496487116 0.08167147572955216
2 0.5421545667447307 0.20103747871889763 0.035128805620608855 0.0795773353262303
2 0.509367681498829 0.20313161912221947 0.028103044496487185 0.07538905451958662
2 0.8372365339578454 0.3423919559431225 0.04918032786885235 0.19475505750893204
2 0.933255269320843 0.4711815907474163 0.0374707259953162 0.13402498581259834
0 0.8664281265154489 0.5148676220303549 0.12819572414587896 0.20457935861672452
3 0.3747072599531613 0.2816618842467888 0.063231850117096 0.2575792696085875
3 0.4549180327868852 0.32563883271654775 0.062060889929742374 0.307838639288312
3 0.6852104571258234 0.4649157627663579 0.1750578576291344 0.4231009119108232
