1 0.5266143106457243 0.44085675654748085 0.05846422338568935 0.4104259361840265
2 0.6906631762652705 0.26529433137370523 0.04624781849912736 0.2465676726885025
2 0.6265270506108203 0.019506936130419504 0.022687609075043653 0.03901387226083901
2 0.6605584642233856 0.038233594815622225 0.022687609075043583 0.042134982041706126
2 0.4511343804537522 0.08895162875471295 0.033158813263525315 0.04057442715127258
2 0.5231239092495636 0.04291525948692291 0.02879581151832454 0.05149831138430749
1 0.19633507853403143 0.9478792535544318 0.10471204188481677 0.10424149289113643
1 0.41623036649214656 0.8877978902727398 0.17801047120418845 0.22440421945452044
1 0.36038394415357766 0.7006891458046686 0.11518324607329841 0.36204873458058606
1 0.38438045375218155 0.5259069980761099 0.10383944153577666 0.3995020519509914
3 0.2918848167539267 0.35970790224493565 0.07068062827225127 0.25124933735980315
3 0.24520069808027928 0.34644318567625043 0.055846422338568937 0.2247199042224327
3 0.19546247818499127 0.31523208786757917 0.0663176265270506 0.16541881838595734
3 0.39659685863874344 0.2450071177980689 0.06195462478184993 0.26841544115457233
3 0.4275741710296684 0.2411057305719851 0.03490401396160557 0.30118709385367715
3 0.46640488656195456 0.23018184633895017 0.039267015706806276 0.2887026547302087
3 0.49781849912739967 0.1599568762694399 0.021815008726003525 0.14201049502945398
3 0.5283595113438045 0.14747243714597147 0.030541012216404866 0.15449493415292248
3 0.5750436300174521 0.1583963213790064 0.03490401396160557 0.20755380042766355
3 0.6051483420593368 0.1466921597007547 0.02356020942408378 0.18414547707116014
3 0.62478184991274 0.14357104991988756 0.020942408376963328 0.181024367290293
3 0.643106457242583 0.14435132736510434 0.02443280977312391 0.15449493415292245
0 0.6889179755671901 0.08583051897384582 0.02356020942408364 0.11235995211121633
0 0.7142233856893543 0.09207273853558005 0.016579406631762623 0.1373288303581533
1 0.7604712041884818 0.13576827546771977 0.02705061082024443 0.12172328145381772
4 0.7849040139616057 0.4876734032604875 0.08464223385689351 0.18258492218072653
4 0.8150087260034903 0.9556820280065996 0.13438045375218152 0.08863594398680079
4 0.9917102966841184 0.35892762479971885 0.016579406631762845 0.17478214772855888
4 0.8259162303664921 0.23486351101025085 0.047993019197207616 0.1264049461251184
4 0.8835078534031413 0.22315934933199913 0.0410122164048866 0.07490663474081088
