4 0.2312646370023419 0.6303362613998769 0.09953161592505853 0.2471085675919783
4 0.09016393442622951 0.7067723861211245 0.0585480093676815 0.24082614638201286
4 0.13524590163934425 0.811479406287217 0.09250585480093672 0.28689723525509325
4 0.06440281030444964 0.34134488574146155 0.03512880562060891 0.13402498581259817
4 0.08782201405152225 0.27852067364180605 0.03981264637002341 0.0795773353262303
4 0.12236533957845434 0.27328532263350147 0.0269320843091335 0.06491835250297733
4 0.14402810304449648 0.30365035848166827 0.03512880562060891 0.09214217774616142
3 0.2505854800936768 0.21988474234879427 0.037470725995316166 0.1717195130723917
3 0.31147540983606553 0.24920270799530017 0.037470725995316166 0.2261671635587598
3 0.5368852459016392 0.3811335534045769 0.0807962529274004 0.33087418372485244
3 0.6464661583771969 0.4262317755276995 0.12293354400365039 0.37476424000979025
2 0.686768149882904 0.21988474234879427 0.029274004683840785 0.05863593129301179
2 0.8366510538641685 0.3287800433215305 0.048009367681498674 0.18847263629896654
2 0.9332552693208431 0.461757958932468 0.025761124121779916 0.11517772218270174
0 0.8212879699114396 0.5745412479813663 0.14699374116594996 0.35636249988127217
0 0.8675997212495414 0.6266179737134812 0.17662422815686 0.38702719278510594
2 0.22189695550351288 0.16124881105578248 0.022248243559718973 0.10470702016609251
2 0.43793911007025765 0.18637849589564467 0.0398126463700234 0.08376561613287402
