3 0.576112412177986 0.39579253622782956 0.05620608899297432 0.3434390261447832
0 0.6691320233826075 0.47000690223727815 0.08565361841000545 0.38227232623982843
0 0.7596491968194192 0.5184373685844897 0.15843690768583513 0.4287343791123931
0 0.8645211464677425 0.5934632488507872 0.17851789109272745 0.45824786499663817
2 0.8717798594847775 0.3528626579597317 0.03629976580796253 0.1570605302491387
2 0.4320843091334895 0.18009607468567912 0.030444964871194316 0.0753890545195866
2 0.4964871194379391 0.20313161912221947 0.0374707259953162 0.0921421777461614
3 0.3167447306791569 0.265955831221875 0.050351288056206006 0.209414040332185
2 0.2230679156908665 0.16439002166076525 0.026932084309133516 0.08585975653619585
2 0.1820843091334895 0.17381365347571356 0.031615925058548024 0.0879538969395177
4 0.12119437939110071 0.2711911822301796 0.024590163934426243 0.07329491411626474
4 0.14461358313817327 0.2889913756584153 0.029274004683840782 0.0879538969395177
4 0.08723653395784543 0.28166188424678884 0.033957845433255286 0.06910663330962105
4 0.06791569086651054 0.335062464531496 0.037470725995316166 0.10470702016609255
2 0.17840589910625787 0.4929008906046776 0.13605445666632468 0.3026355095790091
4 0.2306791569086651 0.6219596997865895 0.08196721311475409 0.2261671635587598
4 0.07962529274004684 0.7182901583393947 0.05620608899297423 0.251296848398622
4 0.12939110070257612 0.7926321426573202 0.09250585480093677 0.26595583122187505
