4 0.23243559718969556 0.6334774720048597 0.09953161592505853 0.24082614638201286
4 0.08255269320843091 0.7235255093476992 0.05737704918032786 0.265955831221875
4 0.13056206088992975 0.796820423463964 0.07377049180327867 0.278520673641806
1 0.17604351874188087 0.49354564321451755 0.12609186124984292 0.30651860832563627
1 0.11693710218274404 0.5165862264846407 0.13115955686871106 0.27264323808149954
4 0.06674473067915691 0.3392507453381397 0.030444964871194368 0.12146014339266728
4 0.08840749414519906 0.28166188424678884 0.031615925058548024 0.056541790889689914
4 0.12470725995316158 0.27433239283516236 0.026932084309133478 0.0795773353262303
4 0.14578454332552693 0.2858501650534325 0.031615925058548024 0.06910663330962105
1 0.09074941451990633 0.2209318125504552 0.0269320843091335 0.07748319492290846
2 0.20023419203747075 0.16334295145910432 0.021077283372365335 0.0795773353262303
2 0.22072599531615925 0.14763689843419045 0.0199063231850117 0.07748319492290846
2 0.4326697892271663 0.18323728529066188 0.03161592505854799 0.09842459895612694
2 0.5597189695550351 0.2041786893238804 0.03747072599531613 0.09842459895612699
2 0.8366510538641685 0.34029781553980065 0.043325526932084274 0.19475505750893204
2 0.9338407494145199 0.46594623973911165 0.029274004683840785 0.15287224944249503
3 0.6528103044496487 0.447098976109215 0.07377049180327866 0.3622862897746801
0 0.7728337236533958 0.5277233816371062 0.10304449648711951 0.4020749574377952
0 0.8401834936544827 0.5785663963895267 0.22443428745250726 0.4471516888531024
3 0.24531615925058545 0.22826130396208164 0.02927400468384075 0.15915467065246058
