1 0.2617801047120419 0.9244709301979285 0.150087260034904 0.1510581396041431
1 0.4349912739965096 0.8066490359701946 0.12652705061082023 0.3867019280596108
1 0.5881326352530541 0.940076479102264 0.08551483420593364 0.11984704179547208
1 0.612565445026178 0.731119966168123 0.11169284467713773 0.41042593618402634
1 0.4895287958115183 0.6109572396047389 0.10994764397905754 0.3386404112240826
1 0.34511343804537525 0.703029978140319 0.12129144851657944 0.5633603154465153
1 0.31631762652705064 0.4369553693213969 0.05497382198952877 0.18414547707116014
1 0.36998254799301916 0.40340343917707533 0.08900523560209422 0.2512493373598032
3 0.28097731239092494 0.37687400603970483 0.0610820244328098 0.23876489823633468
3 0.23080279232111692 0.36126845713536926 0.06369982547993018 0.2824604351684744
3 0.19851657940663178 0.2965054291823765 0.05846422338568935 0.21535657487983134
3 0.2905759162303665 0.2013115808659293 0.05410122164048868 0.15917659882422316
3 0.34293193717277487 0.20989463276331385 0.04712041884816749 0.21067491020853063
3 0.3992146596858639 0.31055042319627846 0.056719022687609026 0.24032545312676823
3 0.4310645724258289 0.2512493373598032 0.04712041884816749 0.27777877049717375
3 0.49040139616055844 0.2075538004276635 0.03490401396160564 0.25593100203110386
3 0.556282722513089 0.1685399281668245 0.0410122164048866 0.20287213575636284
3 0.5968586387434555 0.14513160481032114 0.02617801047120416 0.1966299161946286
0 0.6701570680628273 0.11860217167295058 0.015706806282722426 0.14981326948162177
0 0.6832460732984293 0.1139205070016499 0.015706806282722568 0.14981326948162177
0 0.7081151832460733 0.10689800999469888 0.01832460732984288 0.13264716568685261
1 0.7469458987783595 0.181024367290293 0.031413612565445136 0.17166103794769164
1 0.8145724258289704 0.5274675529665434 0.10907504363001749 0.41822871063619416
4 0.8250436300174521 0.22237907188678235 0.04450261780104711 0.11704161678251705
4 0.8765270506108203 0.22315934933199913 0.025305410122164033 0.07802774452167803
4 0.9908376963350785 0.3511248503475511 0.01832460732984302 0.1248443912346848
2 0.07286212914485166 0.4073048264031593 0.06719022687609076 0.14669215970075464
2 0.08944153577661432 0.6538724990916617 0.14397905759162305 0.4494398084448655
2 0.6300174520069808 0.0468166467130068 0.02443280977312391 0.07178552495994377
2 0.4219022687609075 0.09597412576166396 0.03228621291448512 0.051498311384307494
2 0.5218150087260035 0.06476302795299275 0.04712041884816756 0.07334607985037733
