1 0.13525305410122165 0.7972857066275932 0.1169284467713787 0.4054285867448135
1 0.2417102966841187 0.9018428842866417 0.13263525305410123 0.1963142314267165
1 0.5942408376963351 0.9439778663283479 0.09249563699825479 0.11204426734330425
1 0.5815881326352532 0.7490663474081088 0.12303664921465973 0.3214743074293133
1 0.4349912739965096 0.7972857066275927 0.12652705061082015 0.40542858674481314
1 0.47600349040139617 0.6187600140569066 0.10034904013961601 0.35112485034755103
1 0.33333333333333326 0.7169171297702648 0.106457242582897 0.5661657404594702
1 0.32722513089005234 0.4447581437735647 0.06282722513089006 0.13732883035815327
1 0.33551483420593364 0.3308376367719148 0.049738219895287976 0.05930108583647524
3 0.25305410122164046 0.3877978902727397 0.09424083769633508 0.21379601998939773
3 0.2783595113438045 0.2848012675041247 0.07155322862129143 0.19194825152332792
3 0.20593368237347295 0.31133070064149526 0.06980802792321114 0.2356437884554676
3 0.28752181500872603 0.19116797407811112 0.05148342059336823 0.11079939722078277
3 0.3381326352530541 0.2044326906467964 0.06369982547993015 0.20599324553722995
3 0.39659685863874344 0.2887026547302086 0.04624781849912743 0.2808998802780408
3 0.43804537521815007 0.2676351637093556 0.03839441535776615 0.30430820363454425
3 0.48691099476439786 0.21769740721548161 0.03141361256544499 0.24188600801720178
3 0.5458115183246073 0.17634270261899232 0.035776614310645695 0.2153565748798313
3 0.6012216404886561 0.14435132736510434 0.02966841186736481 0.20131158086592926
0 0.6653577661431065 0.11548106189208346 0.01657940663176248 0.15605548904335603
0 0.6858638743455497 0.11079939722078277 0.019197207678883076 0.15605548904335603
0 0.7015706806282722 0.11079939722078279 0.020942408376963328 0.14044994013902043
0 0.718586387434555 0.10455717765904854 0.01832460732984288 0.1342077205772862
1 0.7543630017452007 0.15839632137900636 0.030541012216404796 0.16697937327639095
1 0.7857766143106457 0.14357104991988756 0.028795811518324683 0.14669215970075467
1 0.7971204188481675 0.5461942116517462 0.08115183246073286 0.4275920399787955
4 0.8254799301919721 0.2239396267772159 0.04537521815008717 0.1139205070016499
4 0.8760907504363001 0.21067491020853063 0.027923211169284486 0.06242219561734242
4 0.9912739965095986 0.3519051277927679 0.01745200698080282 0.13576827546771975
2 0.6287085514834206 0.042134982041706126 0.02705061082024429 0.062422195617342406
2 0.45069808027923214 0.09285301598079684 0.03577661431064577 0.08270940919297871
2 0.5235602094240838 0.05305886627474106 0.041884816753926725 0.06554330539820953
2 0.08726003490401396 0.4681664671300681 0.06457242582897033 0.25280989225023676
