2 0.8395784543325527 0.34972144735474886 0.04449648711943779 0.15077810903917324
2 0.9297423887587821 0.47641694175572075 0.037470725995316236 0.1486839686358512
2 0.18325526932084307 0.17695486408069633 0.022248243559718973 0.07329491411626478
2 0.22072599531615927 0.16543709186242617 0.019906323185011735 0.08795389693951773
4 0.0626463700234192 0.3329683241281742 0.03395784543325528 0.12146014339266728
4 0.09016393442622951 0.2701441120285187 0.03044496487119438 0.07957733532623028
4 0.1206088992974239 0.27433239283516236 0.025761124121779878 0.0795773353262303
4 0.13875878220140517 0.29422672666671995 0.022248243559718973 0.09423631814948323
1 0.20751945771271083 0.37433052075338424 0.0912211283108573 0.2958508976273335
1 0.17230972296374084 0.47430515282346286 0.11435206699134656 0.25609883226157737
4 0.23419203747072603 0.616724348778285 0.09601873536299768 0.21988474234879427
4 0.08372365339578454 0.7088665265244463 0.0784543325526932 0.23244958476872532
4 0.13466042154566746 0.7978674936656249 0.09133489461358313 0.2554851292052658
0 0.8453682252768531 0.5806241531757119 0.17463059292232402 0.4100277743793553
0 0.6985142814206493 0.4725250154533158 0.12805678072506574 0.3657920271570248
3 0.4859484777517564 0.4041690978411171 0.08430913348946134 0.33087418372485233
3 0.41510538641686184 0.3099327796916338 0.05269320843091336 0.2596734100119094
