4 0.12822014051522249 0.2670029014235359 0.024590163934426226 0.0858597565361958
4 0.14578454332552693 0.31097984989329475 0.038641686182669784 0.11517772218270171
4 0.08840749414519906 0.2753794630368233 0.04800936768149883 0.05654179088968995
4 0.06557377049180328 0.3382036751364788 0.035128805620608904 0.1277425646026328
4 0.23711943793910997 0.618818489181607 0.10187353629976574 0.22407302315543812
4 0.07743213191132395 0.7019274450865461 0.08460979084487906 0.24577483042654621
4 0.12822014051522249 0.7999616340689468 0.07142857142857142 0.2973679372717028
1 0.10320063900009384 0.49449500706371785 0.11532665428461833 0.20807387496848306
1 0.17278625420815957 0.4650936806470631 0.12017266608279074 0.2337996126615596
3 0.4408665105386417 0.335062464531496 0.07142857142857138 0.31412106049827754
3 0.6563231850117097 0.45338139731918065 0.08548009367681501 0.3706628513879675
0 0.8497797883532718 0.5822115303836164 0.1948872579937637 0.43133278691148935
2 0.9314988290398126 0.4491931165125369 0.03629976580796241 0.14868396863585134
2 0.8360655737704916 0.3622862897746801 0.05620608899297406 0.19684919791225397
2 0.2230679156908665 0.1591546706524606 0.03395784543325526 0.0712007737129429
3 0.1885245901639344 0.2261671635587598 0.028103044496487154 0.1507781090391732
