4 0.2271662763466042 0.6387128230131642 0.10304449648711941 0.2596734100119095
4 0.08372365339578454 0.712007737129429 0.07142857142857144 0.2471085675919783
4 0.12587822014051522 0.8041499148755904 0.07142857142857141 0.2848030948517716
4 0.06323185011709602 0.3434390261447834 0.037470725995316145 0.13402498581259842
4 0.08372365339578454 0.2868972352550935 0.03629976580796253 0.06282421209965548
4 0.12236533957845434 0.27852067364180605 0.029274004683840768 0.06282421209965548
4 0.14402810304449648 0.3067915690866511 0.03278688524590161 0.10261287976277067
2 0.05152224824355972 0.23244958476872538 0.030444964871194385 0.08795389693951769
2 0.2213114754098361 0.1581076004507997 0.028103044496487116 0.10261287976277067
2 0.4420374707259953 0.18951970650062744 0.029274004683840785 0.07748319492290846
2 0.3870023419203747 0.1706724428707308 0.03161592505854799 0.07748319492290849
2 0.6549145960499604 0.23504764194843417 0.06658265961732582 0.1269674815000264
2 0.8360655737704918 0.3528626579597318 0.04449648711943781 0.1863784958956446
2 0.904303369260293 0.4477772261295926 0.07843312349107691 0.13630439370740333
3 0.6463700234192038 0.5298175220404281 0.053864168618266886 0.4230163614710136
3 0.6908658579408757 0.33505234033437586 0.05203063770987697 0.15989676336962444
3 0.25234192037470726 0.24501442718865646 0.04332552693208434 0.19266091710561017
3 0.3097189695550351 0.2544380590036047 0.043325526932084434 0.21569646154215052
0 0.8201448127316817 0.5809250629484802 0.13263486710693725 0.39497985279873943
0 0.8747360848104099 0.6231401446907946 0.1720964931863878 0.3834843824875431
