1 0.5763525305410121 0.8238151397649637 0.14397905759162305 0.3523697204700726
1 0.4219022687609075 0.837079856333649 0.13874345549738215 0.32584028733270204
1 0.4598603839441536 0.6554330539820953 0.10471204188481671 0.2965054291823764
1 0.3110820244328098 0.7084919202568364 0.13350785340314136 0.5368308823091448
1 0.17146596858638743 0.9408567565474809 0.10558464223385687 0.1182864869050384
2 0.4829842931937173 0.46348480245876744 0.081151832460733 0.19662991619462858
1 0.7892669088968673 0.5233222665296267 0.19724157528825928 0.45267133593102005
4 0.8241710296684118 0.22706073655808304 0.042757417102966856 0.11079939722078276
4 0.8730366492146598 0.21691712977026487 0.03228621291448505 0.062422195617342385
4 0.9908376963350785 0.348003740566684 0.01832460732984302 0.11235995211121633
3 0.2417102966841187 0.3534656826832014 0.09773123909249566 0.19506936130419508
1 0.3298429319371728 0.43617509187618014 0.043630017452006946 0.14513160481032109
1 0.3669284467713787 0.37297261881362087 0.07068062827225134 0.1654188183859574
1 0.3263525305410122 0.3199137525388799 0.03664921465968586 0.1248443912346848
3 0.21247818499127402 0.23018184633895014 0.04973821989528794 0.10143606787818144
3 0.2801047120418848 0.24812822757893607 0.06108202443280973 0.18102436729029292
3 0.356020942408377 0.22159879444156558 0.06282722513089006 0.1654188183859574
3 0.40095986038394416 0.26997599604500594 0.039267015706806206 0.29026320962064217
3 0.43411867364746937 0.2426662854624186 0.04101221640488653 0.26997599604500594
3 0.48211169284467714 0.21301574254418099 0.047993019197207686 0.24188600801720184
3 0.5209424083769634 0.19116797407811112 0.03839441535776615 0.2325226786746005
3 0.5610820244328099 0.16932020561204125 0.03315881326352539 0.22940156889373334
3 0.6086387434554975 0.1412302175842372 0.039267015706806345 0.17946381239985942
0 0.662739965095986 0.1139205070016499 0.016579406631762765 0.14981326948162177
0 0.6806282722513088 0.11314022955643313 0.012216404886561918 0.13888938524858688
0 0.6967713787085514 0.09831495809731429 0.014834205933682369 0.14357104991988753
0 0.7172774869109947 0.09597412576166395 0.017452006980802678 0.1295260559059855
2 0.762216404886562 0.13264716568685261 0.02006980802792313 0.1186021716729506
2 0.6343804537521816 0.042134982041706126 0.020942408376963328 0.07178552495994377
2 0.5117801047120419 0.05071803393909072 0.030541012216404866 0.04525609182257325
2 0.43804537521815007 0.0827094091929787 0.020942408376963328 0.04057442715127255
2 0.48691099476439786 0.06710386028864308 0.019197207678883076 0.04369553693213968
