1 0.16494251887187583 0.4611239322531523 0.13029830506211193 0.2990213992628333
4 0.22775175644028103 0.6209126295849284 0.09016393442622953 0.23244958476872532
4 0.08430913348946137 0.7130548073310901 0.05854800936768151 0.2575792696085876
4 0.13173302107728335 0.786349721447355 0.06908665105386422 0.2827089544484498
1 0.12286106435699519 0.5071111832379646 0.13106181234073452 0.27081532452204177
4 0.06440281030444965 0.3277329731198695 0.03512880562060888 0.10680116056941437
4 0.08840749414519906 0.2722382524318405 0.040983606557377046 0.06701249290629921
4 0.12353629976580795 0.2722382524318405 0.029274004683840733 0.06701249290629921
4 0.1440281030444965 0.2858501650534325 0.030444964871194385 0.06491835250297733
3 0.18208430913348944 0.27537946303682326 0.038641686182669804 0.19056677670228833
2 0.1914519906323185 0.17381365347571356 0.02927400468384075 0.0879538969395177
2 0.22365339578454332 0.16334295145910432 0.025761124121779878 0.09214217774616143
3 0.2898126463700234 0.2471085675919783 0.04098360655737704 0.1884726362989665
2 0.43559718969555034 0.19370798730727112 0.032786885245901655 0.10680116056941437
2 0.5204918032786885 0.20627282972720223 0.03395784543325533 0.14449568782920763
3 0.6569086651053864 0.4429106953025713 0.06323185011709605 0.3832276938078985
0 0.7554481212836933 0.51700199067705 0.18112445494963808 0.39670123513629535
0 0.850715359546497 0.5844500984812612 0.201577415394858 0.4467611194885319
2 0.9344262295081966 0.4711815907474163 0.0421545667447306 0.1424015474258858
2 0.8366510538641684 0.3382036751364788 0.036299765807962424 0.14868396863585137
