2 0.22189695550351288 0.15706053024913874 0.03395784543325526 0.0753890545195866
2 0.3858313817330209 0.182190215089001 0.0480093676814988 0.07538905451958663
2 0.4303278688524591 0.1821902150890009 0.033957845433255265 0.08795389693951766
2 0.4994145199063232 0.19580212771059302 0.04566744730679161 0.11936600298934547
2 0.8360655737704917 0.34448609634644434 0.05854800936768143 0.18219021508900096
2 0.9326697892271661 0.4544284675208415 0.03629976580796246 0.1382132666192421
3 0.6557377049180327 0.43139292308430116 0.07025761124121767 0.3560038685647146
3 0.582552693208431 0.3957925362278297 0.07611241217798587 0.3560038685647145
3 0.18793911007025763 0.23454372517204722 0.02927400468384075 0.1424015474258858
4 0.13056206088992972 0.27433239283516236 0.029274004683840733 0.083765616132874
4 0.08782201405152225 0.2827089544484498 0.03981264637002341 0.05863593129301183
4 0.06674473067915691 0.3340153943298351 0.042154566744730684 0.11936600298934544
4 0.1446135831381733 0.29946207767502453 0.03629976580796252 0.0879538969395176
1 0.16675163729753778 0.47550347168580204 0.10233116401517803 0.26338624457511
1 0.09016393442622948 0.4837464331673476 0.05620608899297422 0.21779060194547206
0 0.8448489639148014 0.5818675705585687 0.17309000034945599 0.44384990919312217
4 0.2306791569086651 0.6240538401899113 0.0983606557377049 0.2345437251720471
4 0.13875878220140517 0.8051969850772513 0.09016393442622951 0.2952737968683809
4 0.08430913348946137 0.7203842987427165 0.05620608899297424 0.2471085675919783
