2 0.18442622950819673 0.17800193428235725 0.026932084309133516 0.08795389693951769
2 0.22365339578454335 0.1622958812574434 0.02810304449648712 0.09004803734283957
2 0.38348946135831385 0.17381365347571354 0.026932084309133443 0.06701249290629921
2 0.43032786885245905 0.19475505750893204 0.026932084309133443 0.07120077371294292
2 0.5 0.20208454892055855 0.03044496487119446 0.08585975653619586
2 0.8665105386416861 0.35914507916969723 0.03747072599531606 0.16962537266906985
3 0.3085480093676815 0.25234391860028293 0.04332552693208431 0.19894333831557579
3 0.5761124121779859 0.3968396064294906 0.053864168618266955 0.3371566049348179
0 0.6861826697892274 0.4764169417557207 0.07025761124121759 0.4041690978411169
0 0.7703901572292722 0.5133265629168416 0.13456949609694718 0.4151696899996608
0 0.8536728069284394 0.5853081495362553 0.21612461392395702 0.44329196471381493
4 0.227751756440281 0.6303362613998771 0.0878220140515223 0.24292028678533462
4 0.07962529274004684 0.7046782457178026 0.05386416861826697 0.2115081807355068
4 0.11651053864168619 0.7999616340689468 0.07142857142857142 0.263861690818553
4 0.06615925058548008 0.3340153943298351 0.031615925058548 0.11517772218270174
4 0.08899297423887587 0.28166188424678884 0.03747072599531616 0.056541790889689914
4 0.12295081967213115 0.28270895444844973 0.025761124121779878 0.08795389693951773
4 0.1411007025761124 0.29108551606173716 0.022248243559718973 0.08795389693951769
1 0.17713531421672343 0.46192272195034684 0.11897604849270077 0.23073196390292267
