4 0.22950819672131145 0.6366186826098424 0.10538641686182668 0.251296848398622
4 0.07845433255269321 0.7004899649111589 0.09133489461358314 0.21988474234879427
4 0.13407494145199064 0.809385265883895 0.08548009367681499 0.2952737968683807
4 0.14402810304449648 0.30993277969163385 0.03512880562060891 0.1382132666192421
4 0.12119437939110071 0.2764265332384842 0.038641686182669784 0.10470702016609248
4 0.08606557377049182 0.2837560246501107 0.038641686182669784 0.06491835250297723
4 0.06791569086651053 0.3423919559431225 0.03747072599531616 0.1193660029893454
2 0.22248243559718972 0.16439002166076525 0.0351288056206089 0.10680116056941437
2 0.8360655737704918 0.3319212539265133 0.04683840749414515 0.1863784958956447
2 0.9326697892271664 0.4544284675208415 0.024590163934426243 0.11308358177937997
2 0.5509367681498829 0.20103747871889763 0.03395784543325519 0.08376561613287402
3 0.2634660421545667 0.25234391860028293 0.037470725995316166 0.20731989992886315
3 0.31264637002341916 0.24606149739031738 0.032786885245901586 0.21988474234879427
3 0.4402810304449649 0.3162152009015994 0.06791569086651052 0.2889913756584153
3 0.5895784543325528 0.39683960642949073 0.059718969555035334 0.38322769380789873
0 0.8242272620978325 0.5812425555849896 0.14730916302522842 0.36258616183152476
0 0.8776346604215456 0.6020653659550319 0.008196721311475414 0.010470702016609223
0 0.8242272620978325 0.5812425555849896 0.14730916302522842 0.36258616183152476
0 0.875041993211567 0.6082012401231257 0.15991450945637667 0.37745490102177937
