1 0.2674520069808028 0.86595012180667 0.14572425828970334 0.26809975638666017
1 0.5680628272251309 0.8300573593266981 0.14485165794066318 0.339885281346604
1 0.6003490401396161 0.6164191817212563 0.09075043630017454 0.3495642954571175
1 0.4402268760907504 0.7512493373598033 0.11256544502617799 0.4975013252803936
1 0.3416230366492147 0.6242219561734241 0.09336823734729492 0.5742841996795502
1 0.47600349040139617 0.5204450559595923 0.09162303664921467 0.29182376451107567
1 0.4083769633507853 0.3924795549440404 0.06457242582897031 0.21379601998939785
1 0.3289703315881326 0.3097701457510617 0.06631762652705056 0.12640494612511838
3 0.2591623036649215 0.3893584451631733 0.06980802792321121 0.2887026547302087
3 0.18760907504363003 0.31367153297714556 0.08726003490401397 0.259052111811971
3 0.24345549738219893 0.2278410140032998 0.050610820244328066 0.0873910738642794
3 0.2975567190226876 0.21613685232504815 0.06631762652705063 0.18882714174246082
3 0.3472949389179756 0.1981904710850622 0.04712041884816756 0.17166103794769164
3 0.4005235602094246 0.19272852896854473 0.0506108202443281 0.18570603196159374
3 0.42277486910994766 0.2325226786746005 0.05322862129144852 0.2652943313737053
3 0.4594240837696335 0.22862129144851656 0.02879581151832454 0.2512493373598032
3 0.49301919720767884 0.21145518765374738 0.040139616055846476 0.25124933735980315
3 0.5737347294938918 0.16775965072160773 0.03228621291448519 0.195069361304195
0 0.6605584642233856 0.11782189422773381 0.019197207678883076 0.14825271459118824
0 0.6841186736474694 0.10377690021383178 0.013961605584642172 0.1451316048103211
0 0.700261780104712 0.10299662276861497 0.01134380453752172 0.14357104991988753
0 0.7133507853403142 0.10221634532339818 0.011343804537521863 0.13264716568685261
0 0.7421465968586386 0.11548106189208346 0.021815008726003525 0.1248443912346848
2 0.09860383944153575 0.5024986747196064 0.08376963350785338 0.38077539326578863
2 0.39048865619546247 0.051498311384307494 0.02705061082024429 0.03745331737040545
2 0.5152705061082025 0.06476302795299275 0.03054101221640494 0.06398275050777597
2 0.43760907504363006 0.07880802196689479 0.0200698080279232 0.045256091822573244
2 0.6195462478184992 0.04135470459648935 0.02443280977312391 0.07646718963124445
2 0.6601221640488656 0.03433220758953833 0.02356020942408378 0.03745331737040545
4 0.8232984293193718 0.22471990422243265 0.04973821989528787 0.1217232814538177
4 0.887434554973822 0.21535657487983137 0.033158813263525266 0.07490663474081087
4 0.9851657940663177 0.3378601337788658 0.029668411867364738 0.1139205070016499
