2 0.131326352530541 0.6179797366116899 0.11431064572425831 0.3932598323892573
2 0.08769633507853403 0.536050604863928 0.08987783595113438 0.3667303992518866
2 0.5165794066317626 0.06398275050777597 0.02966841186736481 0.07490663474081088
2 0.5554101221640488 0.03277165269910477 0.02356020942408378 0.0593010858364753
2 0.6295811518324608 0.026529433137370523 0.030541012216404866 0.043695536932139685
2 0.6636125654450262 0.032771652699104765 0.01832460732984302 0.034332207589538324
3 0.56282722513089 0.17868353495464265 0.05061082024432821 0.2044326906467964
3 0.6169284467713787 0.16073715371465672 0.033158813263525246 0.1779032575094259
3 0.6383071553228621 0.13966966269380365 0.021815008726003525 0.17946381239985945
0 0.6745200698080279 0.12484439123468484 0.022687609075043726 0.1342077205772862
0 0.7059336823734729 0.10533745510426532 0.029668411867364738 0.13576827546771975
0 0.7220767888307155 0.08973190619992971 0.021815008726003383 0.13576827546771975
4 0.6226003490401396 0.660114718653396 0.1492146596858638 0.3214743074293133
4 0.7661431064572426 0.44631869866399826 0.0767888307155323 0.1591765988242232
4 0.6304537521815009 0.35034457290233434 0.034031413612565446 0.11704161678251701
4 0.5754799301919721 0.5142028363978581 0.10732984293193709 0.269975996045006
4 0.818935427574171 0.23096212378416694 0.05322862129144852 0.12172328145381772
4 0.8403141361256544 0.15605548904335603 0.024432809773123836 0.05305886627474106
4 0.880453752181501 0.1568357664885728 0.02617801047120409 0.03589276247997187
4 0.8896160558464223 0.21457629743461454 0.025305410122164175 0.06086164072690885
4 0.9869109947643979 0.3519051277927679 0.02617801047120423 0.14201049502945398
