1 0.40706806282722513 0.8932598323892571 0.10558464223385691 0.21348033522148555
1 0.2050610820244328 0.8472234631214672 0.1413612565445026 0.30555307375706564
1 0.25174520069808026 0.7030299781403189 0.10558464223385687 0.2793393253876073
1 0.35907504363001747 0.6382669501873263 0.1352530541012218 0.30898986830584524
1 0.35602094240837695 0.4627045250135506 0.06108202443280973 0.15137382437205532
1 0.39790575916230364 0.415107600855327 0.08900523560209422 0.2403254531267683
3 0.306282722513089 0.3534656826832014 0.0506108202443281 0.2637337764832717
3 0.24650959860383942 0.36985150903275377 0.07591623036649214 0.27153655093543944
3 0.18193717277486912 0.32537569465539734 0.05846422338568933 0.19194825152332787
3 0.39790575916230364 0.20911435531809708 0.04712041884816749 0.1685399281668245
1 0.34380453752181495 0.31523208786757917 0.022687609075043653 0.11235995211121633
3 0.4349912739965096 0.22862129144851656 0.034031413612565446 0.23876489823633473
3 0.4633507853403141 0.22706073655808304 0.033158813263525315 0.2668548862641388
3 0.4947643979057591 0.20599324553722997 0.033158813263525315 0.2528098922502368
3 0.5266143106457243 0.17868353495464265 0.034031413612565446 0.24188600801720184
3 0.5732984293193718 0.16229770860509027 0.027923211169284555 0.21223546509896424
3 0.606457242582897 0.1498132694816218 0.02617801047120416 0.18726658685202724
0 0.6570680628272251 0.1217232814538177 0.02268760907504344 0.15605548904335603
0 0.6828097731239093 0.10455717765904854 0.02356020942408378 0.16229770860509027
0 0.7063699825479931 0.09831495809731429 0.020069808027923273 0.14669215970075467
0 0.7294938917975569 0.11079939722078279 0.019197207678883076 0.12796550101555193
2 0.6077661431064572 0.028870265473020865 0.025305410122164033 0.05774053094604173
2 0.493891797556719 0.05930108583647529 0.024432809773123978 0.0468166467130068
4 0.7595986038394414 0.4946959002674386 0.10209424083769633 0.24968878246936968
4 0.8154450261780104 0.9494398084448653 0.11256544502617799 0.10112038311026922
4 0.9873472949389179 0.36985150903275377 0.025305410122164033 0.1685399281668245
4 0.825043630017452 0.2278410140032998 0.04624781849912736 0.10923884233034922
4 0.8835078534031413 0.22550018166764946 0.02879581151832454 0.0577405309460417
2 0.7534904013961605 0.18258492218072653 0.02879581151832454 0.17166103794769164
