2 0.4520069808027924 0.8682909541423203 0.13612565445026178 0.26341809171535957
1 0.39616055846422343 0.55009559887783 0.09424083769633505 0.4759692415822359
3 0.33158813263525305 0.30508848107976105 0.059336823734729476 0.32927708188148125
3 0.38176265270506105 0.22003823955113197 0.03577661431064577 0.19350880641376147
3 0.4280104712041885 0.24188600801720184 0.04624781849912736 0.2684154411545724
3 0.4633507853403141 0.22159879444156558 0.033158813263525315 0.25593100203110386
3 0.49694589877835954 0.19897074853027896 0.03577661431064577 0.26685488626413884
3 0.5261780104712043 0.19662991619462858 0.02966841186736481 0.2278410140032998
3 0.5571553228621292 0.16541881838595743 0.03228621291448512 0.21223546509896424
3 0.5938045375218151 0.14747243714597144 0.034031413612565516 0.1857060319615937
3 0.6387434554973822 0.13030633335120229 0.02443280977312391 0.17634270261899232
0 0.6801919720767887 0.10845856488513245 0.023560209424083923 0.15449493415292248
0 0.7054973821989529 0.10767828743991564 0.020069808027923273 0.13420772057728617
0 0.7290575916230366 0.10455717765904854 0.016579406631762623 0.13108661079641906
2 0.6631762652705061 0.04057442715127257 0.01745200698080282 0.0468166467130068
2 0.6256544502617801 0.03823359481562223 0.022687609075043653 0.03901387226083901
2 0.4952006980802793 0.06164191817212563 0.03054101221640487 0.048377201603440376
4 0.8180628272251309 0.9369553693213969 0.1282722513089004 0.12608926135720622
4 0.7670157068062826 0.47987062880831977 0.07155322862129154 0.16385826349552388
4 0.8232984293193718 0.22706073655808304 0.04450261780104711 0.10455717765904854
4 0.8839441535776615 0.22862129144851656 0.02617801047120409 0.07646718963124446
4 0.9904013961605586 0.35112485034755103 0.019197207678883076 0.1373288303581533
1 0.8215532286212914 0.13498799802250297 0.03228621291448519 0.09207273853558007
