3 0.1793193717277487 0.37609372859448803 0.12129144851657941 0.19662991619462858
2 0.12783595113438045 0.6148586268308227 0.08115183246073299 0.4369553693213969
2 0.06849912739965097 0.4915747904865715 0.07766143106457243 0.3901387226083901
3 0.4136125654450262 0.2434465629076354 0.06282722513089006 0.3089898683058449
3 0.4554973821989529 0.24578739524328574 0.04363001745200691 0.26997599604500594
3 0.4895287958115183 0.2153565748798313 0.05235602094240832 0.2434465629076354
3 0.5479930191972077 0.17088076050247483 0.04363001745200698 0.24812822757893607
2 0.4546247818499127 0.08348968663819548 0.02617801047120416 0.07334607985037732
2 0.4947643979057591 0.06086164072690885 0.033158813263525315 0.07802774452167802
2 0.5938045375218151 0.045256091822573244 0.02879581151832454 0.06866441517907665
2 0.6588132635253053 0.05149831138430749 0.029668411867364738 0.05617997605560816
0 0.7198952879581151 0.1022163453233982 0.0401396160558464 0.14825271459118824
4 0.5645724258289703 0.49625645515787215 0.10471204188481678 0.30274764874411064
4 0.6221640488656196 0.37063178647797057 0.031413612565445066 0.1388893852485868
4 0.6343804537521814 0.6655766607699134 0.12914485165794062 0.39169927749882355
4 0.7648342059336823 0.4603636926779003 0.06369982547993032 0.17166103794769158
4 0.830715532286213 0.21145518765374743 0.03141361256544499 0.10143606787818144
4 0.8433682373472949 0.15527521159813923 0.025305410122164175 0.057740530946041736
4 0.8865619546247818 0.188046864297244 0.02617801047120423 0.04525609182257323
4 0.881326352530541 0.2325226786746005 0.038394415357766006 0.0811488543025451
