1 0.5951134380453752 0.9392962016570473 0.10122164048865628 0.12140759668590548
1 0.643542757417103 0.7810577226619969 0.11431064572425825 0.3636092894710196
1 0.43586387434554963 0.7933843194015094 0.13874345549738215 0.41323136119698134
1 0.2473821989528796 0.8698515090327539 0.15095986038394418 0.26029698193449247
1 0.3320244328097731 0.7233171917159552 0.09511343804537521 0.5165436687335085
1 0.4790575916230367 0.6078361298238718 0.09947643979057581 0.3355193014432156
1 0.32722513089005234 0.4096456587388095 0.06980802792321113 0.11079939722078241
1 0.3643106457242585 0.4385159242118305 0.07940663176265235 0.27153655093543977
3 0.2892670157068063 0.3167926427580127 0.04450261780104715 0.08114885430254518
3 0.2255671902268761 0.34332207589538327 0.07242582897033159 0.23096212378416694
3 0.27137870855148344 0.3402009661145161 0.055846422338568937 0.3058687585249778
3 0.23342059336823734 0.22471990422243265 0.035776614310645695 0.14357104991988753
3 0.32853403141361254 0.21067491020853063 0.056719022687609026 0.181024367290293
3 0.3826352530541012 0.24812822757893613 0.0410122164048866 0.27153655093543955
3 0.43237347294938916 0.2574915569215374 0.039267015706806276 0.2746576607163066
3 0.5043630017452007 0.21301574254418099 0.059336823734729476 0.24500711779806894
3 0.5283595113438045 0.1833651996259433 0.027050610820244358 0.2075538004276635
3 0.5833333333333334 0.1529343792624889 0.03228621291448519 0.19662991619462858
2 0.07678883071553227 0.49391562282222184 0.08551483420593367 0.3573670699092854
3 0.4554973821989529 0.23018184633895017 0.022687609075043653 0.2418860080172019
0 0.6487783595113439 0.12328383634425126 0.020069808027923273 0.15605548904335603
0 0.6745200698080279 0.1256246686799016 0.020942408376963328 0.16385826349552382
0 0.6928446771378708 0.10845856488513245 0.019197207678883076 0.14825271459118824
0 0.7181500872600348 0.10299662276861497 0.015706806282722426 0.12484439123468481
2 0.7482547993019197 0.11704161678251701 0.01832460732984288 0.1217232814538177
2 0.6308900523560209 0.043695536932139685 0.020942408376963328 0.07802774452167802
2 0.6636125654450262 0.043695536932139685 0.02006980802792313 0.03745331737040544
2 0.4930191972076789 0.07568691218602767 0.02617801047120423 0.06398275050777597
2 0.5305410122164049 0.058520808391258505 0.02617801047120416 0.03901387226083901
1 0.8048188270560067 0.5110861591835691 0.16220799455967894 0.4262309364656457
4 0.9917102966841188 0.3495642954571175 0.016579406631762623 0.14357104991988748
4 0.8267888307155323 0.22706073655808304 0.04624781849912736 0.11079939722078276
4 0.8826352530541013 0.22081851699634875 0.02879581151832454 0.07022497006951017
