1 0.29188481675392675 0.883116225601439 0.15445026178010468 0.23376754879712194
1 0.6077661431064573 0.8339587465527813 0.16841186736474686 0.332082506894436
1 0.8280977312390925 0.9447581437735647 0.10645724258289704 0.11048371245287057
1 0.5955497382198953 0.638266950187326 0.10209424083769619 0.387017612827523
1 0.4393542757417103 0.7606126667024046 0.1282722513089004 0.47877466659519086
1 0.46945898778359507 0.5852080839125852 0.08551483420593364 0.3433220758953833
1 0.3280977312390925 0.6406077825229766 0.11343804537521812 0.5446336567613126
1 0.40663176265270506 0.472067854356152 0.0890052356020943 0.37609372859448803
1 0.3390052356020942 0.394040109834474 0.08813263525305409 0.2418860080172019
3 0.23909249563699828 0.38623733538230615 0.07853403141361255 0.25437044714067025
3 0.2181500872600349 0.3097701457510617 0.07329842931937175 0.2668548862641388
3 0.28839441535776617 0.2403254531267683 0.05846422338568935 0.21847768466069845
3 0.23909249563699825 0.2161368523250481 0.026178010471204195 0.051498311384307466
3 0.3451134380453752 0.18726658685202724 0.05497382198952877 0.15605548904335603
3 0.4048865619546248 0.2083340778728803 0.04363001745200698 0.21067491020853066
3 0.43804537521815007 0.2395451756815515 0.041884816753926725 0.2730971058258731
3 0.4637870855148342 0.23330295611981725 0.034031413612565446 0.26373377648327173
3 0.49127399650959847 0.20443269064679637 0.033158813263525315 0.2496887824693696
3 0.5322862129144852 0.1849257545163769 0.04363001745200705 0.22315934933199913
2 0.09424083769633508 0.5298083853021938 0.08900523560209425 0.37297261881362087
2 0.4677137870855148 0.05696025350082495 0.02443280977312391 0.0671038602886431
2 0.4367364746945899 0.0827094091929787 0.016579406631762623 0.04057442715127255
2 0.4040139616055846 0.09285301598079684 0.01745200698080282 0.039013872260839015
2 0.49869109947643975 0.06008136328169208 0.02356020942408378 0.0671038602886431
2 0.6409249563699825 0.04525609182257325 0.0200698080279232 0.06554330539820953
2 0.6640488656195465 0.032771652699104765 0.013961605584642172 0.031211097808671203
0 0.6609947643979058 0.1295260559059855 0.021815008726003383 0.15605548904335603
0 0.6810645724258291 0.11001911977556598 0.016579406631762623 0.14825271459118822
0 0.6976439790575916 0.10689800999469888 0.01134380453752172 0.14513160481032109
0 0.7111692844677138 0.10065579043296463 0.013961605584642314 0.1295260559059855
0 0.7395287958115182 0.1225035588990345 0.02006980802792313 0.12328383634425126
0 0.7238219895287955 0.10299662276861495 0.016579406631763063 0.1279655010155519
4 0.8228621291448516 0.2278410140032998 0.03664921465968576 0.11235995211121633
4 0.8808900523560209 0.22081851699634875 0.01832460732984302 0.05461942116517459
4 0.9917102966841188 0.33317846910756516 0.016579406631762623 0.07958829941211157
1 0.9598603839441536 0.4923550679317881 0.05584642233856873 0.25749155692153725
