0 0.6675392670157068 0.11470078444686668 0.022687609075043726 0.14513160481032114
0 0.6897905759162303 0.1139205070016499 0.02356020942408378 0.13108661079641906
0 0.7338568935427574 0.13732883035815333 0.022687609075043726 0.1747821477285588
0 0.7172774869109947 0.10533745510426532 0.017452006980802678 0.15761604393378958
2 0.13307155322862127 0.6476302795299276 0.08289703315881326 0.48689312581527083
2 0.1012216404886562 0.5735039222343334 0.08900523560209425 0.39482038727969077
2 0.4345549738219895 0.08973190619992973 0.02617801047120423 0.07022497006951023
2 0.48080279232111695 0.07802774452167802 0.03490401396160557 0.0905121836451465
3 0.5327225130890052 0.1981904710850622 0.047993019197207686 0.20911435531809708
3 0.5807155322862129 0.1599568762694399 0.04624781849912736 0.22003823955113197
4 0.6269633507853404 0.6343655629612422 0.11954624781849908 0.2918237645110758
4 0.587260034904014 0.5009381198291729 0.08900523560209422 0.2715365509354394
4 0.6204188481675392 0.348003740566684 0.0401396160558464 0.08426996408341228
4 0.7683246073298429 0.4541214731161661 0.0689354275741711 0.16541881838595743
4 0.8267888307155323 0.22940156889373334 0.042757417102966856 0.12172328145381772
4 0.843804537521815 0.14357104991988753 0.026178010471204372 0.03433220758953834
4 0.8835078534031413 0.1693202056120413 0.020069808027923273 0.03277165269910478
4 0.882198952879581 0.23174240122938372 0.033158813263525246 0.09519384831644719
4 0.9869109947643979 0.3472234631214671 0.02617801047120423 0.12952605590598548
