2 0.13612565445026178 0.6445091697490605 0.10994764397905761 0.43695536932139695
2 0.07504363001745201 0.5064000619456903 0.05235602094240839 0.26997599604500594
4 0.62565445026178 0.6312444531803751 0.15008726003490394 0.3511248503475511
4 0.7670157068062826 0.4658256347944177 0.07853403141361255 0.1794638123998594
4 0.6204188481675392 0.34332207589538327 0.0401396160558464 0.09051218364514643
4 0.5789703315881326 0.49937756493873936 0.10034904013961608 0.24344656290763544
3 0.5488656195462478 0.17790325750942584 0.04363001745200698 0.20287213575636284
3 0.6060209424083766 0.14903299203640505 0.03577661431064568 0.19506936130419505
0 0.6657940663176265 0.11157967466599956 0.03141361256544499 0.16385826349552382
0 0.7308027923211169 0.1310866107964191 0.03228621291448519 0.14044994013902046
0 0.6945898778359512 0.11235995211121631 0.020942408376963026 0.13420772057728614
0 0.7194589877835952 0.04915747904865715 0.016579406631762623 0.03589276247997189
2 0.4306282722513089 0.09987551298774786 0.03577661431064577 0.07490663474081091
2 0.481239092495637 0.0873910738642794 0.034031413612565446 0.0749066347408109
4 0.8267888307155323 0.22628045911286626 0.042757417102966856 0.0905121836451465
4 0.8416230366492147 0.15917659882422316 0.02356020942408378 0.056179976055608184
4 0.8826352530541013 0.1771229800642091 0.014834205933682511 0.032771652699104765
4 0.8835078534031413 0.21535657487983134 0.025305410122164033 0.03745331737040544
4 0.9908376963350785 0.34332207589538327 0.01832460732984302 0.13108661079641906
