1 0.1622196872671229 0.4520023491709976 0.12975128579817702 0.3032268414429693
2 0.18266978922716628 0.17904900448401817 0.028103044496487116 0.08167147572955216
2 0.22482435597189704 0.16753123226574795 0.023419203747072615 0.09633045855280507
2 0.8548009367681498 0.35076851755640986 0.0444964871194378 0.18219021508900096
0 0.8585576916560106 0.587415190764541 0.21224070827598537 0.4508272956158009
4 0.7551248975893526 0.5092684331529252 0.1959881387816803 0.42848648936817696
0 0.7318501170960188 0.4942171351839566 0.016393442622950827 0.004188280806643689
4 0.06498829039812647 0.335062464531496 0.04332552693208431 0.12564842419931097
4 0.08957845433255268 0.2795677438434669 0.038641686182669784 0.05654179088968988
4 0.12704918032786885 0.26176755041523125 0.024590163934426226 0.06282421209965548
4 0.1475409836065574 0.29317965646505906 0.03981264637002342 0.08376561613287396
1 0.09160366448454121 0.5136187862080266 0.10499295165578698 0.22670883671392061
4 0.22833723653395768 0.6198655593832678 0.09133489461358316 0.23035544436540323
4 0.08313817330210772 0.7046782457178026 0.0585480093676815 0.19894333831557576
4 0.12177985948477751 0.8031028446739296 0.07962529274004686 0.2701441120285186
3 0.3056206088992974 0.25443805900360483 0.04918032786885245 0.21988474234879427
2 0.4326697892271663 0.1842843554923228 0.040983606557377004 0.1047070201660925
3 0.5737704918032788 0.3978866766311515 0.0608899297423887 0.32668590291820865
3 0.6686306401080028 0.464765091457951 0.11132488787328904 0.3677769673633067
