1 0.5693696929410755 0.2591292134831461 0.04240822540526636 0.2879213483146068
0 0.690311669096835 0.10463483146067416 0.031413500300197225 0.1699438202247191
0 0.7307565507333388 0.11306179775280899 0.03062816279269228 0.12219101123595504
3 0.3965954412899906 0.2148876404494382 0.06910970066043397 0.25280898876404495
3 0.27879481516425075 0.24297752808988765 0.06282700060039453 0.10955056179775284
3 0.37931801612488203 0.5428370786516854 0.07696307573548325 0.40308988764044945
3 0.2791874839180032 0.3995786516853933 0.10287921348314608 0.2289325842696629
3 0.23285257097521225 0.4030898876404494 0.04633491294279096 0.16853932584269668
2 0.13568905235933934 0.5871797561538997 0.20995079750569573 0.41069344391853035
2 0.0518322754953255 0.348314606741573 0.050261600480315624 0.08146067415730336
2 0.4421450167252765 0.0877808988764045 0.023560125225148026 0.07162921348314605
2 0.57486705549361 0.047050561797752806 0.029842825285187332 0.06601123595505617
2 0.6620395188266573 0.04845505617977528 0.02198945021013813 0.06039325842696629
4 0.6353380435714897 0.5877808988764045 0.0816751007805128 0.2823033707865168
4 0.7743427823998627 0.4726123595505618 0.0628270006003946 0.19241573033707865
4 0.5791864117848872 0.464185393258427 0.09188448837807706 0.16151685393258425
4 0.6196312934213911 0.336376404494382 0.04240822540526643 0.08567415730337075
4 0.828531070417703 0.20575842696629212 0.03612552534522692 0.08286516853932582
4 0.8846827022043056 0.21980337078651688 0.024345462732652833 0.05477528089887638
4 0.884290033450553 0.17064606741573032 0.020418775195128375 0.04073033707865166
4 0.844630489321554 0.14887640449438203 0.027486812762672633 0.03932584269662922
