2 0.14616055846422338 0.6296838982899416 0.11082024432809774 0.4135470459648935
2 0.1068935427574171 0.575064477124767 0.06544502617801047 0.41978926552662765
2 0.43760907504363006 0.10689800999469888 0.028795811518324613 0.0671038602886431
2 0.5069808027923212 0.06554330539820953 0.03490401396160564 0.07178552495994378
2 0.5942408376963351 0.03745331737040544 0.02617801047120416 0.062422195617342406
2 0.662303664921466 0.03355193014432155 0.027923211169284486 0.029650542918237644
3 0.5183246073298429 0.19506936130419505 0.04013961605584633 0.2028721357563628
3 0.568935427574171 0.15683576648857278 0.03141361256544492 0.18258492218072653
0 0.6483420593368237 0.13342744313206942 0.029668411867364738 0.1576160439337896
0 0.6880453752181501 0.10767828743991564 0.02356020942408378 0.11548106189208346
0 0.7329842931937174 0.12172328145381772 0.03141361256544499 0.1310866107964191
0 0.718586387434555 0.06710386028864308 0.020069808027923273 0.10299662276861497
0 0.7041884816753927 0.09753468065209753 0.015706806282722426 0.14513160481032109
4 0.6330715532286213 0.6460697246394941 0.14223385689354281 0.3089898683058449
4 0.7609075043630017 0.46270452501355064 0.07504363001745204 0.18882714174246082
4 0.5842059336823735 0.47362840924658556 0.09511343804537525 0.22628045911286626
4 0.6273996509598604 0.3464431856762504 0.048865619546247886 0.131086610796419
4 0.8272251308900525 0.22628045911286623 0.041884816753926926 0.12172328145381767
4 0.8507853403141361 0.14513160481032109 0.027923211169284343 0.05617997605560815
4 0.8839441535776615 0.16151743115987352 0.01221640488656206 0.039013872260839015
4 0.8856893542757416 0.22237907188678235 0.029668411867364596 0.06086164072690881
4 0.9864746945898779 0.348003740566684 0.02705061082024429 0.15917659882422314
