1 0.01639344262295082 0.2439673569869955 0.02810304449648712 0.11936600298934547
1 0.16764588601556185 0.4875299129594036 0.09994386959600174 0.28790084014836964
4 0.06557377049180328 0.3382036751364788 0.03747072599531616 0.11517772218270174
4 0.08372365339578454 0.2732853226335014 0.03629976580796253 0.06910663330962105
4 0.12470725995316158 0.2701441120285187 0.02927400468384075 0.08376561613287403
4 0.14461358313817332 0.2900384458600762 0.03395784543325528 0.07748319492290844
3 0.4133489461358314 0.32145055190990407 0.051522248243559686 0.2575792696085876
3 0.48126463700234196 0.39474546602616883 0.07259953161592513 0.32878004332153055
2 0.21779859484777517 0.16857830246740896 0.028103044496487116 0.08585975653619586
2 0.1809133489461358 0.1759077938790354 0.026932084309133478 0.083765616132874
4 0.2306791569086651 0.6230067699882504 0.09367681498829036 0.23244958476872532
4 0.0778688524590164 0.7151489477344118 0.06908665105386418 0.24920270799530023
4 0.12704918032786885 0.7905380022539984 0.0971896955503513 0.26595583122187494
2 0.8612412177985947 0.3518155877580708 0.04566744730679161 0.167531232265748
2 0.906139213421755 0.47075744580628437 0.09687542344263633 0.14910348759959732
0 0.6728257821948637 0.4730788737169125 0.11658604667341863 0.39938031030055726
0 0.7695043153062677 0.618447024679368 0.185156782632873 0.48626978974279284
