2 0.12870855148342059 0.6148586268308227 0.11082024432809774 0.4088653812935928
2 0.06282722513089005 0.5149831138430748 0.06980802792321116 0.3495642954571175
2 0.6592495636998253 0.05774053094604173 0.03054101221640494 0.0624221956173424
2 0.5942408376963351 0.03979414970605579 0.02966841186736467 0.060861640726908854
2 0.5056719022687609 0.06866441517907665 0.028795811518324613 0.07178552495994377
2 0.4729493891797557 0.08426996408341225 0.027923211169284413 0.07802774452167802
3 0.19982547993019195 0.36595012180666986 0.059336823734729476 0.22003823955113194
3 0.4153577661431065 0.2512493373598032 0.0610820244328098 0.3183531976484463
3 0.46160558464223383 0.23720434334590115 0.05759162303664923 0.25280989225023676
3 0.5065445026178012 0.2005313034207125 0.034031413612565516 0.23876489823633473
3 0.5506108202443282 0.15449493415292248 0.03839441535776608 0.23720434334590115
4 0.6186736474694591 0.653092221646445 0.13263525305410112 0.32303486231974704
4 0.7696335078534031 0.4603636926779003 0.08202443280977306 0.17790325750942584
4 0.6191099476439791 0.3542459601284182 0.03752181500872602 0.14044994013902048
4 0.5645724258289704 0.47831007391788616 0.09424083769633512 0.28870265473020856
4 0.8285340314136124 0.2161368523250481 0.025305410122164033 0.09207273853558007
4 0.8459860383944156 0.15527521159813926 0.021815008726003525 0.06710386028864308
4 0.8835078534031413 0.18180464473550978 0.02356020942408378 0.05149831138430749
4 0.8843804537521816 0.23486351101025082 0.037521815008726096 0.07334607985037735
