3 0.1633489461358314 0.23977907618035182 0.038641686182669804 0.14868396863585137
2 0.19203747072599534 0.1664841620640871 0.028103044496487116 0.07329491411626476
2 0.22131147540983606 0.1581076004507997 0.0351288056206089 0.09004803734283956
2 0.5099531615925058 0.19370798730727118 0.04566744730679161 0.11936600298934547
2 0.46077283372365335 0.18533142569398373 0.040983606557377074 0.09842459895612694
2 0.8222801288750771 0.3185073931575899 0.07303974670156066 0.13048167920878498
2 0.9180327868852458 0.46071088873080696 0.0421545667447306 0.16334295145910424
1 0.800936768149883 0.8444860963464444 0.10772833723653406 0.3110278073071113
1 0.8369819336023059 0.6147690221128903 0.1613920820254134 0.32743254845846337
0 0.7951667821998939 0.507029327327426 0.18232528498080014 0.37142915084656075
3 0.6416861826697893 0.46489916953745064 0.08430913348946127 0.4020749574377952
3 0.3864168618266979 0.28166188424678884 0.06791569086651059 0.2743323928351624
4 0.0673302107728337 0.3402978155398005 0.03864168618266977 0.11936600298934535
4 0.08899297423887587 0.2764265332384842 0.03747072599531616 0.06701249290629917
4 0.13056206088992972 0.26909704182685773 0.019906323185011718 0.08167147572955212
4 0.1440281030444965 0.3046974286833292 0.030444964871194385 0.09004803734283957
4 0.2300936768149883 0.6177714189799458 0.09718969555035127 0.23454372517204725
4 0.06793374179518887 0.7102843051301752 0.11120755429445019 0.2606715285454095
4 0.12997658079625293 0.7936792128589812 0.07259953161592506 0.2764265332384842
1 0.08138173302107728 0.48060522256236454 0.05737704918032786 0.17800193428235747
