4 0.2306791569086651 0.6219596997865895 0.0983606557377049 0.2554851292052658
4 0.07009134565667476 0.7099057524501382 0.11283386515510084 0.25038111137305746
4 0.12997658079625293 0.8020557744722684 0.06791569086651053 0.2806148140451279
4 0.06323185011709603 0.33715660493481786 0.03278688524590164 0.1130835817793799
4 0.08723653395784543 0.27852067364180605 0.04566744730679155 0.06282421209965548
4 0.13173302107728335 0.2628146206168922 0.0199063231850117 0.06910663330962105
4 0.14695550351288056 0.2984150074733637 0.02927400468384075 0.09004803734283957
1 0.07669789227166277 0.20731989992886315 0.031615925058548024 0.09633045855280513
1 0.04566744730679157 0.23768493577702998 0.02810304449648712 0.08585975653619585
1 0.08314379836241863 0.49425402322393397 0.12553022014884058 0.2077669414060591
3 0.38466042154566743 0.2806148140451279 0.04800936768149881 0.25129684839862204
2 0.4221311475409836 0.1759077938790354 0.026932084309133516 0.10051873935944881
2 0.468384074941452 0.19789626811391486 0.04215456674473067 0.09004803734283957
2 0.8425058548009368 0.3528626579597317 0.045667447306791474 0.17800193428235725
2 0.9238875878220142 0.4575696781258242 0.0374707259953162 0.13193084540927658
3 0.6510538641686183 0.461757958932468 0.06323185011709605 0.3999808170344734
0 0.7580661724947602 0.5146390057063348 0.16306104475752334 0.4216610159052221
0 0.8537007258663815 0.5947767025522002 0.1631985593568662 0.3826033832007037
2 0.22423887587822017 0.16962537266906985 0.03161592505854799 0.1047070201660925
2 0.19262295081967212 0.16962537266906985 0.03395784543325526 0.0963304585528051
