1 0.4766998670554935 0.75 0.12879535123080876 0.5
4 0.6243433184664207 0.6537921348314607 0.11622995111073003 0.36657303370786515
4 0.771201432369843 0.46910112359550565 0.08010442576550304 0.2022471910112359
4 0.6219873059439058 0.3553370786516854 0.05183227549532539 0.14044943820224723
4 0.5725110429710952 0.4915730337078652 0.09424050090059176 0.28651685393258425
4 0.8249970516339308 0.21067415730337077 0.04162288789776142 0.09269662921348314
4 0.8795780084055235 0.2289325842696629 0.02670147525516782 0.06741573033707865
4 0.8854680397118105 0.17626404494382023 0.01649208765760349 0.04634831460674155
4 0.844630489321554 0.1544943820224719 0.02591613774766273 0.06179775280898878
1 0.908635496183206 0.21558988764044945 0.02198945021013813 0.11938202247191015
3 0.3475118470709323 0.49508426966292135 0.07774841324298826 0.39747191011235955
3 0.24738131486405346 0.3637640449438202 0.09424050090059183 0.3089887640449438
3 0.2913602152843297 0.24157303370786518 0.0518322754953255 0.11235955056179776
3 0.3475118470709323 0.22612359550561797 0.055758963032850134 0.15449438202247193
3 0.4625637919204047 0.22542134831460672 0.04869092546530574 0.32162921348314605
2 0.13886145317691934 0.596632070362479 0.2151157996176088 0.4205417858640047
2 0.05615163178660261 0.34129213483146065 0.0400522128827515 0.07584269662921343
2 0.49672597349686937 0.06530898876404495 0.0353401878377219 0.07443820224719101
2 0.4374329916802469 0.09129213483146068 0.023560125225147957 0.0758426966292135
2 0.6679295501329443 0.05688202247191011 0.03062816279269228 0.05758426966292134
