4 0.23302107728337235 0.6313833316015378 0.10070257611241214 0.2617675504152313
4 0.0889929742388759 0.6921134032978715 0.07494145199063232 0.20731989992886304
4 0.12353629976580802 0.8051969850772517 0.09250585480093688 0.27014411202851873
4 0.06206088992974239 0.3392507453381397 0.04449648711943795 0.12983670500595473
4 0.08782201405152225 0.28166188424678884 0.03981264637002341 0.08585975653619587
4 0.11885245901639344 0.26909704182685773 0.03395784543325528 0.09842459895612694
4 0.14578454332552693 0.29736793727170274 0.03395784543325524 0.1340249858125984
2 0.22482435597189696 0.15182517924083413 0.025761124121779843 0.08167147572955216
2 0.594847775175644 0.18847263629896652 0.032786885245901655 0.05444765048636807
2 0.8337236533957845 0.3518155877580708 0.0398126463700234 0.21779060194547242
2 0.9355971896955504 0.4575696781258242 0.028103044496487116 0.1026128797627706
3 0.4455503512880562 0.3319212539265132 0.06908665105386419 0.3245917625148868
3 0.5866510538641685 0.3978866766311515 0.06791569086651059 0.364380430178002
3 0.3126463700234192 0.2481556377936392 0.04449648711943795 0.23663786557536903
3 0.26639344262295084 0.22093181255045521 0.04332552693208431 0.19894333831557579
0 0.8173016298764293 0.5864354891116536 0.1656529984289834 0.3737358441158176
0 0.8815265078566492 0.6053530803241085 0.15460554577801033 0.38766592471358136
