2 0.12827225130890052 0.6148586268308227 0.12216404886561955 0.40574427151272574
2 0.08856893542757417 0.5243464431856762 0.08987783595113438 0.3526854052379846
2 0.4842931937172775 0.06866441517907665 0.03141361256544499 0.078027744521678
3 0.4594240837696335 0.22706073655808304 0.04450261780104711 0.26997599604500594
3 0.556282722513089 0.18570603196159363 0.04450261780104718 0.21847768466069842
3 0.6208551483420593 0.12484439123468484 0.03752181500872602 0.1747821477285588
0 0.6588132635253053 0.12250355889903447 0.03490401396160564 0.16073715371465672
0 0.7124781849912739 0.12172328145381771 0.034031413612565446 0.17166103794769164
0 0.6858638743455497 0.09519384831644719 0.027923211169284486 0.15293437926248893
2 0.6465968586387436 0.03121109780867121 0.024432809773123978 0.0436955369321397
2 0.5619546247818499 0.038233594815622225 0.03839441535776615 0.06710386028864308
4 0.6164921465968587 0.6546527765368785 0.13699825479930192 0.3167926427580127
4 0.5759162303664921 0.5048395070552567 0.09598603839441544 0.25437044714067036
4 0.6156195462478183 0.362048734580586 0.03752181500872602 0.11235995211121631
4 0.7652705061082026 0.472067854356152 0.07504363001745204 0.18882714174246082
4 0.818499127399651 0.23330295611981725 0.05235602094240832 0.12640494612511838
4 0.8459860383944156 0.15293437926248887 0.02879581151832454 0.04993775649387393
4 0.8839441535776615 0.16619909583117415 0.024432809773123978 0.04525609182257325
4 0.8843804537521817 0.23564378845546763 0.034031413612565446 0.07178552495994378
4 0.9882198952879581 0.3472234631214671 0.02356020942408378 0.142010495029454
