1 0.4931919547130971 0.9087078651685394 0.16963290162106526 0.18258426966292135
0 0.7079817630156962 0.09480337078651686 0.018062762672613388 0.14185393258426968
3 0.293323559053092 0.4578651685393258 0.08403111330302768 0.38202247191011224
3 0.18141296423363923 0.34199438202247195 0.1335073762758384 0.2205056179775281
3 0.2996062591131315 0.2752808988764045 0.05732963804786003 0.15168539325842698
3 0.3867787224461789 0.2830056179775281 0.06361233810789947 0.3160112359550562
3 0.5041866798181661 0.19873595505617977 0.051832275495325535 0.2879213483146067
2 0.12512963351042294 0.6008434494883452 0.19800016242945298 0.4446420241367943
2 0.05340295051033536 0.33918539325842695 0.03612552534522685 0.07724719101123594
2 0.4374329916802469 0.08988764044943821 0.03455485033021695 0.07303370786516855
2 0.48965793592932483 0.06530898876404495 0.01806276267261346 0.0800561797752809
2 0.6632175250879148 0.04915730337078651 0.024345462732652833 0.06179775280898876
4 0.6243433184664205 0.6558988764044937 0.12722467621579894 0.3651685393258424
4 0.5638723303885409 0.4761235955056179 0.07853375075049314 0.2921348314606741
4 0.6215946371901534 0.3567415730337079 0.04790558795780086 0.13764044943820228
4 0.7641333948022985 0.45224719101123595 0.07696307573548325 0.18258426966292127
4 0.8261750578951882 0.21207865168539328 0.03769620036023667 0.0955056179775281
4 0.8838973646968006 0.2324438202247191 0.022774787717643078 0.06039325842696631
4 0.8462011643365639 0.1544943820224719 0.022774787717642936 0.047752808988764016
4 0.8850753709580581 0.17485955056179775 0.020418775195128233 0.043539325842696625
