1 0.2901396160558464 0.8745331737040545 0.1387434554973822 0.250933652591891
1 0.606893542757417 0.8222545848745301 0.13525305410122165 0.3492486106892054
1 0.4406631762652705 0.7567112794763208 0.12216404886561953 0.48657744104735867
1 0.599912739965096 0.6132980719403892 0.11082024432809774 0.3714120639231874
1 0.4790575916230367 0.5719433673438998 0.09249563699825479 0.3448826307858168
1 0.34424083769633507 0.6242219561734241 0.10209424083769633 0.5836475290221514
1 0.4040139616055846 0.39560066472490746 0.05759162303664915 0.2325226786746004
1 0.3180628272251309 0.32069402998409663 0.05846422338568935 0.12328383634425123
3 0.25130890052356025 0.3854570579370894 0.07329842931937172 0.31523208786757917
3 0.18324607329842935 0.319133475093663 0.07853403141361257 0.2699759960450059
3 0.24781849912739964 0.22628045911286626 0.045375218150087306 0.12484439123468487
3 0.2993019197207679 0.20287213575636284 0.0453752181500872 0.14981326948162182
3 0.34118673647469466 0.21457629743461454 0.04537521815008727 0.19506936130419505
3 0.40052356020942415 0.1966299161946286 0.04712041884816749 0.18414547707116014
3 0.43237347294938916 0.2426662854624186 0.04275741710296686 0.26997599604500594
3 0.4572425828970331 0.2325226786746005 0.029668411867364738 0.24968878246936968
3 0.49040139616055844 0.20599324553722995 0.036649214659685896 0.24032545312676828
3 0.5335951134380453 0.1888271417424608 0.035776614310645695 0.2247199042224327
2 0.09293193717277486 0.5079606168361239 0.08289703315881326 0.3698515090327538
2 0.38830715532286214 0.05071803393909071 0.020942408376963328 0.03589276247997188
2 0.43237347294938916 0.0866107964190626 0.025305410122164106 0.04213498204170611
2 0.49738219895287955 0.05227858882952427 0.033158813263525315 0.0702249700695102
2 0.6413612565445027 0.04525609182257325 0.019197207678883076 0.06554330539820953
0 0.6618673647469459 0.11626133933730025 0.021815008726003525 0.14825271459118824
0 0.6845549738219896 0.10767828743991564 0.013089005235602115 0.1373288303581533
0 0.6980802792321117 0.10689800999469888 0.01745200698080282 0.15137382437205532
0 0.7412739965095986 0.11704161678251701 0.02356020942408378 0.1373288303581533
0 0.7116055846422339 0.0936332934260136 0.011343804537521863 0.1373288303581533
4 0.8228621291448516 0.22628045911286626 0.047120418848167415 0.10923884233034922
4 0.8835078534031413 0.22159879444156558 0.021815008726003525 0.0561799760556082
4 0.9895287958115183 0.3519051277927679 0.020942408376963328 0.14825271459118824
1 0.8294066317626527 0.9611439701231171 0.1108202443280976 0.07771205975376588
