3 0.6528103044496487 0.4429106953025713 0.0784543325526932 0.35809800896803634
3 0.31088992974238877 0.2502497781969611 0.048009367681498855 0.21569646154215058
3 0.2740046838407494 0.3423919559431225 0.06557377049180331 0.2827089544484498
2 0.17857142857142858 0.17695486408069633 0.03395784543325526 0.09842459895612697
2 0.22248243559718972 0.16543709186242617 0.021077283372365335 0.1047070201660925
2 0.8378220140515222 0.35390972816139266 0.03864168618266973 0.1842843554923228
2 0.9338407494145199 0.4554755377225023 0.026932084309133443 0.13611912621592026
4 0.2306791569086651 0.6209126295849287 0.0983606557377049 0.22826130396208164
4 0.08372365339578454 0.7350432815659694 0.06206088992974238 0.26386169081855315
4 0.13173302107728338 0.8020557744722686 0.09016393442622953 0.28480309485177174
1 0.11981036931696792 0.5175579897388318 0.13802585460285027 0.3005527129729741
1 0.1637313889888042 0.44352124705709556 0.13538630235004026 0.26780424345954484
4 0.0661592505854801 0.32668590291820865 0.040983606557377046 0.125648424199311
4 0.08957845433255268 0.2753794630368233 0.04332552693208431 0.06910663330962102
4 0.11885245901639344 0.26804997162519684 0.0269320843091335 0.0712007737129429
4 0.1434426229508197 0.29736793727170274 0.0269320843091335 0.10051873935944883
2 0.43384074941451994 0.1874255660973056 0.03395784543325519 0.09004803734283956
0 0.7492861396478829 0.5124375375044743 0.19891492015065865 0.41141613613747013
0 0.8383321939657818 0.5777533410441279 0.23776867664102141 0.42607140589056186
