3 0.38348946135831385 0.28061481404512795 0.057377049180327905 0.2889913756584154
3 0.45374707259953156 0.3287800433215305 0.05503512880562063 0.2973679372717027
3 0.6479165771558927 0.43875880908691345 0.11208768855970569 0.38652487640914646
0 0.7419715917015544 0.5348173625419769 0.14763127202673146 0.3886506473462197
0 0.8244978829971046 0.5792848066635164 0.16235751480104085 0.35874041451735655
0 0.8776632630996463 0.6188522981323186 0.1833307792468702 0.371531110344386
2 0.9013078081230546 0.45816289012440237 0.08408531808203407 0.1421475491145844
2 0.8337236533957847 0.3455331665481053 0.05854800936768143 0.1926609171056102
2 0.5831381733021077 0.2115081807355069 0.04215456674473067 0.10889530097273623
2 0.19613583138173304 0.1696253726690699 0.02459016393442635 0.08795389693951775
2 0.22540983606557374 0.15287224944249506 0.026932084309133443 0.07957733532623028
4 0.22775175644028103 0.6303362613998769 0.10421545667447304 0.23873200597869093
4 0.07892703961870186 0.7157693727854515 0.08409325612559204 0.247801601043136
4 0.08665105386416862 0.5015466265955831 0.004683840749414525 0.0020941404033219158
4 0.1276346604215457 0.8051969850772511 0.06791569086651059 0.2868972352550934
4 0.1288056206088993 0.26490876102021405 0.02341920374707259 0.06910663330962105
4 0.14754098360655735 0.3015562180783464 0.035128805620608876 0.1005187393594488
4 0.06674473067915691 0.33715660493481786 0.035128805620608904 0.12146014339266728
4 0.08899297423887587 0.2837560246501107 0.03747072599531616 0.08585975653619585
