0 0.690311669096835 0.0997191011235955 0.023560125225148026 0.16573033707865167
0 0.7071964255081908 0.10182584269662921 0.018062762672613388 0.12780898876404492
1 0.6200239621751437 0.1678370786516854 0.03691086285273187 0.20926966292134835
3 0.395417435028733 0.19452247191011238 0.06989503816793874 0.23455056179775288
3 0.40759016639505946 0.5203651685393258 0.07539240072047348 0.46207865168539336
3 0.3129569967407153 0.4747191011235955 0.09188448837807699 0.42415730337078655
3 0.26819275881293414 0.24859550561797752 0.047905587957800824 0.12921348314606743
3 0.22578453340766785 0.40519662921348315 0.10602056351316577 0.19803370786516847
2 0.12480597802775657 0.5835386083001404 0.1804564378331204 0.39954732129161535
2 0.05938790389972676 0.357145053930886 0.06791131422593424 0.1062030534138023
2 0.4437156917402864 0.09550561797752807 0.03298417531520712 0.07865168539325842
2 0.5650503366497983 0.04494382022471909 0.025916137747662802 0.0646067415730337
4 0.6282700060039454 0.6004213483146067 0.09424050090059183 0.273876404494382
4 0.7719867698773478 0.4726123595505618 0.06596835063041424 0.18679775280898872
4 0.5850764430911741 0.4733146067415731 0.07539240072047348 0.21067415730337083
4 0.6263066622351829 0.3637640449438204 0.04005221288275167 0.13483146067415727
4 0.829316407925208 0.2092696629213483 0.03612552534522692 0.08988764044943817
4 0.8870387147268204 0.2289325842696629 0.02591613774766287 0.06179775280898877
4 0.8850753709580581 0.1818820224719101 0.020418775195128233 0.040730337078651646
4 0.8481645081053262 0.15589887640449432 0.03141350030019722 0.042134831460674045
2 0.6604688438116475 0.0547752808988764 0.02198945021013813 0.058988764044943826
