2 0.18384074941451992 0.1759077938790354 0.023419203747072608 0.0628242120996555
2 0.21955503512880561 0.16543709186242617 0.017564402810304466 0.083765616132874
2 0.9279859484777517 0.4795581523607037 0.036299765807962674 0.13402498581259847
2 0.8307962529274004 0.35809800896803634 0.06440281030444965 0.14658982823252945
3 0.3729508196721312 0.307838639288312 0.05269320843091336 0.23873200597869093
2 0.4320843091334895 0.18428435549232283 0.035128805620608855 0.08376561613287402
2 0.4982435597189695 0.1968491979122539 0.03161592505854806 0.083765616132874
3 0.48126463700234173 0.3895101150178641 0.0679156908665102 0.3183093413049212
0 0.7093980658634745 0.4989141852143574 0.13492608345436552 0.3984817593456893
0 0.8493480656739331 0.5854416291780439 0.17347659796172976 0.41171331469682426
4 0.22950819672131145 0.6313833316015378 0.09367681498829036 0.23244958476872532
4 0.0942622950819672 0.7088665265244463 0.06674473067915691 0.2115081807355068
4 0.13114754098360656 0.7999616340689467 0.09133489461358316 0.2722382524318405
1 0.17563981994623318 0.4400370890991049 0.10449684146658597 0.20471323543478234
4 0.06498829039812647 0.33715660493481786 0.03161592505854802 0.12564842419931097
4 0.08782201405152225 0.26490876102021405 0.0351288056206089 0.07748319492290838
4 0.12177985948477751 0.26490876102021405 0.03278688524590162 0.08167147572955212
4 0.1440281030444965 0.2900384458600762 0.030444964871194385 0.07748319492290844
