1 0.41666666666666663 0.8877978902727398 0.13350785340314134 0.22440421945452044
1 0.21553228621291445 0.8542459601284181 0.11867364746945895 0.2915080797431637
1 0.23516579406631763 0.6702583254412141 0.07242582897033159 0.23252267867460055
1 0.3765270506108203 0.6476302795299276 0.10732984293193716 0.32459541721018054
1 0.33595113438045376 0.5235661657404596 0.06282722513089009 0.26685488626413884
1 0.39136125654450266 0.394040109834474 0.07417102966841192 0.26997599604500594
1 0.33158813263525305 0.33942068866929936 0.048865619546247775 0.13888938524858688
3 0.26308900523560197 0.3714120639231872 0.08813263525305431 0.2840209900589079
3 0.19895287958115182 0.32693624954583084 0.06631762652705063 0.23876489823633473
3 0.30148342059336825 0.22940156889373334 0.05671902268760906 0.15605548904335603
3 0.39790575916230364 0.19428908385897828 0.05584642233856897 0.17010048305725806
3 0.4349912739965096 0.25671127947632066 0.03228621291448519 0.2887026547302087
3 0.47600349040139617 0.23096212378416692 0.035776614310645695 0.2496887824693696
3 0.5047993019197208 0.21145518765374746 0.03577661431064577 0.22628045911286626
3 0.5318499127399651 0.17868353495464265 0.035776614310645695 0.22628045911286626
3 0.5759162303664921 0.15215410181727212 0.031413612565445066 0.1919482515233279
3 0.6116928446771378 0.13966966269380365 0.02966841186736481 0.18258492218072653
0 0.6797556719022688 0.11626133933730025 0.017452006980802678 0.14825271459118824
0 0.6967713787085514 0.09987551298774786 0.016579406631762765 0.16229770860509027
1 0.7225130890052356 0.1661990958311742 0.027923211169284486 0.16073715371465672
2 0.7766143106457244 0.14357104991988756 0.019197207678883076 0.14669215970075467
0 0.7137870855148342 0.05852080839125851 0.019197207678883076 0.05461942116517461
2 0.6422338568935427 0.03901387226083901 0.015706806282722568 0.06242219561734242
2 0.6662303664921467 0.049157479048657145 0.014834205933682227 0.045256091822573244
2 0.4842931937172774 0.0749066347408109 0.0209424083769634 0.04369553693213968
2 0.3294066317626527 0.09207273853558005 0.021815008726003456 0.034332207589538324
4 0.775741710296684 0.4946959002674386 0.09598603839441537 0.21535657487983137
4 0.8224258289703316 0.227060736558083 0.047993019197207616 0.09831495809731429
4 0.8817626527050613 0.20911435531809708 0.02879581151832454 0.06554330539820953
2 0.9755671902268762 0.3472234631214671 0.03839441535776593 0.17010048305725803
