2 0.8296252927400468 0.3675216407829847 0.062060889929742305 0.1780019342823573
2 0.9256440281030446 0.4795581523607037 0.040983606557377074 0.13402498581259847
2 0.18032786885245902 0.17486072367737449 0.025761124121779843 0.07748319492290846
2 0.22189695550351293 0.1727665832740526 0.0245901639344263 0.1026128797627706
3 0.39051522248243564 0.30783863928831195 0.05269320843091336 0.24710856759197827
3 0.48477751756440285 0.3989337468328125 0.07259953161592506 0.32878004332153055
0 0.7146185290050334 0.5013359091868973 0.11660465690498825 0.39736468228434146
0 0.8384037499070061 0.5655570770424743 0.2146274934396334 0.4137702415724513
4 0.2259953161592506 0.6209126295849287 0.09367681498829043 0.23663786557536903
4 0.08489461358313818 0.714101877532751 0.06674473067915691 0.2219788827521161
4 0.12822014051522249 0.7926321426573202 0.09016393442622951 0.26176755041523125
1 0.03877947247540256 0.34822990810165466 0.06151757626338077 0.17727712975847024
4 0.12177985948477749 0.2764265332384842 0.025761124121779857 0.07120077371294291
4 0.14695550351288048 0.29422672666672006 0.02927400468384074 0.08585975653619587
4 0.08665105386416862 0.2753794630368233 0.03278688524590165 0.08167147572955216
4 0.06557377049180328 0.3329683241281742 0.032786885245901634 0.12146014339266728
