2 0.1317626527050611 0.614078349385606 0.1116928446771379 0.41042593618402634
2 0.09118673647469461 0.5438533793160958 0.0881326352530541 0.3760937285944881
3 0.3944153577661431 0.2785590479423905 0.06282722513089013 0.2855815449493415
3 0.47076788830715527 0.22081851699634875 0.061954624781849855 0.25124933735980315
3 0.5493019197207678 0.181024367290293 0.04624781849912743 0.2340832335650341
3 0.6025305410122164 0.15449493415292248 0.03752181500872595 0.1841454770711601
3 0.6391797556719022 0.12796550101555193 0.03228621291448512 0.1872665868520272
3 0.581151832460733 0.1724413153929084 0.02966841186736467 0.19506936130419505
0 0.6897905759162305 0.10611773254948208 0.03054101221640494 0.14357104991988753
1 0.7718150087260033 0.19038769663289432 0.05497382198952939 0.20599324553723009
2 0.643542757417103 0.029650542918237644 0.02356020942408378 0.04681664671300681
2 0.49956369982548 0.06476302795299275 0.030541012216404866 0.07334607985037733
2 0.44589877835951136 0.09129246109036326 0.036649214659685896 0.07334607985037732
4 0.6151832460732984 0.632024730625592 0.12565445026177996 0.36204873458058595
4 0.7705061082024433 0.4946959002674386 0.0820244328097732 0.21847768466069836
4 0.6164921465968587 0.36048817969015245 0.051483420593368266 0.14357104991988753
4 0.5597731239092496 0.4946959002674386 0.07940663176265268 0.2808998802780409
4 0.8276614310645725 0.22471990422243265 0.047993019197207616 0.10611773254948208
4 0.8429319371727749 0.1599568762694399 0.031413612565445136 0.0671038602886431
4 0.8869982547993019 0.1872665868520272 0.028795811518324683 0.06554330539820949
4 0.8826352530541013 0.2442268403528522 0.037521815008726096 0.09207273853558007
4 0.9908376963350785 0.34566290823103357 0.01832460732984302 0.15449493415292245
