3 0.19720767888307156 0.3737528962588377 0.0890052356020942 0.22628045911286626
3 0.4219022687609075 0.2512493373598032 0.05322862129144852 0.30274764874411075
3 0.46204188481675396 0.23564378845546763 0.051483420593368266 0.259052111811971
3 0.5008726003490402 0.20521296809201317 0.041884816753926725 0.24188600801720184
3 0.5523560209424084 0.16775965072160773 0.041884816753926725 0.2574915569215374
2 0.13045375218150088 0.6164191817212563 0.11256544502617802 0.3963809421701244
2 0.06195462478184991 0.4946959002674386 0.0663176265270506 0.31523208786757917
2 0.47382198952879584 0.07958829941211158 0.022687609075043583 0.0749066347408109
2 0.5034904013961605 0.057740530946041736 0.022687609075043583 0.05617997605560818
2 0.5942408376963351 0.0468166467130068 0.027923211169284413 0.062422195617342406
2 0.6579406631762652 0.05071803393909072 0.019197207678883076 0.03901387226083901
4 0.5619546247818499 0.49625645515787215 0.08202443280977306 0.31523208786757917
4 0.6208551483420593 0.362048734580586 0.04275741710296679 0.12796550101555193
4 0.7626527050610821 0.47206785435615195 0.07155322862129139 0.1981904710850621
4 0.6221640488656196 0.6398275050777598 0.13961605584642228 0.33707985633364906
4 0.8267888307155323 0.20989463276331385 0.037521815008726096 0.07646718963124442
4 0.843368237347295 0.15371465670770568 0.02705061082024443 0.06086164072690885
4 0.8869982547993018 0.2434465629076354 0.025305410122164033 0.07802774452167799
1 0.8782722513089005 0.16697937327639095 0.025305410122164175 0.08739107386427936
