2 0.18325526932084307 0.17800193428235725 0.024590163934426243 0.06282421209965554
2 0.22248243559718972 0.1622958812574434 0.028103044496487116 0.09004803734283959
3 0.303864168618267 0.25443805900360483 0.04566744730679158 0.20313161912221947
3 0.5766978922716628 0.39265132562284694 0.05737704918032783 0.35390972816139266
3 0.6797423887587822 0.4680403801424333 0.0667447306791569 0.37903941300125477
0 0.7542596253338373 0.5150618038884786 0.18369869223566582 0.4081916081611003
0 0.854114962236315 0.5801955242346652 0.22105287601281545 0.4577240140640071
2 0.8372365339578454 0.34448609634644434 0.04449648711943795 0.18637849589564465
2 0.42915690866510536 0.19475505750893204 0.040983606557377074 0.09633045855280513
4 0.0661592505854801 0.3413448857414616 0.03161592505854802 0.11727186258602358
4 0.08840749414519905 0.2858501650534325 0.04332552693208429 0.07329491411626478
4 0.12119437939110071 0.2753794630368233 0.031615925058548024 0.08585975653619585
4 0.14285714285714288 0.2984150074733637 0.023419203747072608 0.09004803734283957
1 0.1464395724687853 0.4451792018613908 0.10001656723028479 0.25041191349538094
1 0.09346205094048222 0.5142596039232813 0.10741313520873398 0.2183975449904945
4 0.22892271662763464 0.6282421209965551 0.094847775175644 0.23454372517204725
4 0.08255269320843091 0.7203842987427166 0.05269320843091335 0.23454372517204733
4 0.1276346604215457 0.7915850724556592 0.07728337236533958 0.2806148140451279
