2 0.1269633507853403 0.6031544651525711 0.11431064572425828 0.38857816771795656
2 0.08638743455497383 0.5477547665421797 0.08376963350785342 0.36204873458058595
2 0.5174520069808028 0.06008136328169206 0.036649214659685826 0.0858305189738458
2 0.62478184991274 0.03355193014432154 0.036649214659685896 0.05149831138430749
3 0.50087260034904 0.22628045911286623 0.054101221640488646 0.23720434334590115
3 0.5833333333333333 0.16385826349552385 0.047993019197207686 0.20599324553722997
0 0.6339441535776614 0.12406411378946804 0.03054101221640494 0.17010048305725806
0 0.6636125654450262 0.11157967466599956 0.02356020942408364 0.15137382437205538
0 0.6841186736474694 0.11314022955643313 0.017452006980802962 0.1451316048103211
0 0.7190226876090751 0.11470078444686667 0.029668411867364738 0.15761604393378958
4 0.6130017452006981 0.6437288923038436 0.143979057591623 0.32615597210061414
4 0.5737347294938918 0.4985972874935225 0.10034904013961608 0.23564378845546755
4 0.6116928446771379 0.35502623757363494 0.05759162303664923 0.11704161678251705
4 0.7635253054101221 0.4681664671300681 0.08726003490401382 0.22159879444156555
4 0.8254799301919721 0.22315934933199913 0.050610820244328066 0.1248443912346848
4 0.8477312390924956 0.15215410181727212 0.02705061082024429 0.05461942116517459
4 0.882198952879581 0.174001870283342 0.02617801047120409 0.04213498204170614
4 0.8804537521815008 0.22315934933199913 0.03490401396160564 0.06554330539820949
4 0.9908376963350785 0.3604881796901524 0.01832460732984302 0.14669215970075467
