2 0.12652705061082026 0.6367063952968927 0.05410122164048868 0.4556820280065996
2 0.10863874345549739 0.5805264192412843 0.07068062827225133 0.4213498204170613
3 0.5161431064572426 0.19741019363984538 0.047993019197207616 0.2325226786746005
3 0.5754799301919721 0.15215410181727212 0.039267015706806206 0.1919482515233279
0 0.6631762652705061 0.11548106189208346 0.03141361256544499 0.1841454770711601
0 0.6910994764397905 0.10611773254948208 0.015706806282722426 0.14357104991988753
0 0.724694589877836 0.13264716568685261 0.0410122164048866 0.12796550101555196
0 0.7212041884816753 0.06632358284342631 0.02356020942408364 0.1139205070016499
2 0.44153577661431065 0.09675440320688074 0.045375218150087306 0.07802774452167802
2 0.5052356020942409 0.06398275050777597 0.048865619546247886 0.08739107386427936
2 0.6016579406631762 0.05149831138430749 0.034031413612565446 0.07802774452167802
4 0.6160558464223387 0.6460697246394941 0.12216404886561953 0.3214743074293135
4 0.7635253054101221 0.4673861896848513 0.06806282722513089 0.19506936130419505
4 0.588132635253054 0.4837720160344037 0.07853403141361255 0.24032545312676823
4 0.6343804537521816 0.3534656826832014 0.05235602094240846 0.10767828743991568
4 0.8272251308900523 0.22862129144851656 0.04363001745200705 0.10455717765904854
4 0.8390052356020942 0.14435132736510434 0.021815008726003383 0.05149831138430749
4 0.8835078534031413 0.17790325750942584 0.025305410122164033 0.05305886627474106
4 0.8804537521815008 0.23096212378416694 0.03490401396160564 0.07490663474081093
4 0.9890924956369983 0.3448826307858168 0.021815008726003525 0.14981326948162174
