3 0.2255671902268761 0.3956006647249075 0.10383944153577662 0.26685488626413884
3 0.36823734729493895 0.28089988027804086 0.0610820244328098 0.31211097808671207
3 0.4402268760907504 0.22706073655808304 0.06195462478184993 0.29494487429194294
3 0.5061082024432809 0.21145518765374738 0.045375218150087236 0.21379601998939773
3 0.5523560209424084 0.17790325750942584 0.0401396160558464 0.2153565748798313
3 0.5972949389179756 0.14279077247467076 0.03228621291448519 0.22315934933199913
1 0.6457242582897034 0.21925796210591522 0.03839441535776622 0.23876489823633473
1 0.9886561954624782 0.3472234631214672 0.022687609075043583 0.13888938524858688
2 0.12870855148342059 0.6242219561734241 0.11082024432809774 0.4088653812935928
2 0.07678883071553227 0.5009381198291729 0.07155322862129145 0.28402099005890796
2 0.5091623036649214 0.07178552495994377 0.03752181500872602 0.0624221956173424
2 0.6212914485165794 0.04057442715127257 0.02094240837696326 0.062422195617342406
2 0.6631762652705061 0.05696025350082495 0.024432809773123836 0.05149831138430749
4 0.6204188481675392 0.6538724990916619 0.1378708551483421 0.3745331737040545
4 0.5671902268760909 0.47206785435615195 0.07504363001745197 0.2044326906467964
4 0.6191099476439791 0.38233594815622224 0.03577661431064577 0.1404499401390204
4 0.7687609075043631 0.4564623054518164 0.07329842931937165 0.1857060319615937
4 0.8350785340314136 0.20833407787288027 0.04363001745200705 0.11079939722078277
4 0.8883071553228621 0.23954517568155148 0.0401396160558464 0.0671038602886431
4 0.8865619546247819 0.1849257545163769 0.03141361256544499 0.057740530946041736
4 0.8433682373472949 0.14044994013902043 0.028795811518324683 0.0436955369321397
