1 0.28184991273996507 0.8784345609301384 0.16928446771378705 0.24313087813972317
1 0.6116928446771379 0.8339587465527819 0.13787085514834202 0.3320825068944362
1 0.4393542757417103 0.7551507245858872 0.11256544502617799 0.4896985508282258
1 0.5942408376963351 0.6187600140569066 0.11518324607329852 0.35112485034755103
1 0.4834205933682374 0.5758447545699837 0.09773123909249563 0.38077539326578863
1 0.34947643979057597 0.635145840406459 0.09336823734729496 0.5555575409943474
1 0.40663176265270506 0.4073048264031593 0.06980802792321114 0.22159879444156563
1 0.3232984293193717 0.32693624954583084 0.05497382198952877 0.12016272656338411
3 0.25 0.37999511582057194 0.09511343804537517 0.27309710582587304
3 0.2020069808027923 0.3144518104223624 0.07591623036649217 0.26997599604500594
3 0.24214659685863876 0.2255001816676495 0.039267015706806276 0.08583051897384582
3 0.29712041884816753 0.2083340778728803 0.053228621291448536 0.18570603196159374
3 0.33769633507853397 0.20365241320157965 0.041884816753926725 0.17946381239985942
3 0.3996509598603839 0.23330295611981725 0.05235602094240839 0.25437044714067025
3 0.42713787085514837 0.23876489823633473 0.06195462478184993 0.27153655093543955
3 0.45375218150087265 0.22706073655808304 0.03490401396160557 0.2668548862641388
3 0.4943280977312391 0.20989463276331385 0.04973821989528794 0.26061266670240457
3 0.5536649214659686 0.17478214772855874 0.03228621291448519 0.21847768466069845
0 0.6588132635253054 0.11938244911816735 0.022687609075043583 0.15761604393378958
0 0.6845549738219894 0.10533745510426532 0.014834205933682428 0.14825271459118822
0 0.6958987783595113 0.10845856488513242 0.014834205933682369 0.13888938524858685
0 0.7434554973821988 0.1139205070016499 0.02094240837696347 0.12796550101555193
0 0.7102966841186736 0.09519384831644719 0.01221640488656206 0.12796550101555193
0 0.7238219895287957 0.09597412576166395 0.013089005235602115 0.13888938524858685
2 0.10078534031413612 0.5142028363978581 0.07766143106457242 0.3760937285944881
1 0.8106457242582897 0.9541214731161659 0.12390924956369986 0.091757053767668
4 0.8241710296684118 0.22471990422243265 0.042757417102966856 0.11860217167295058
4 0.8878708551483422 0.21925796210591522 0.03054101221640494 0.0577405309460417
4 0.9938917975567191 0.3495642954571175 0.012216404886561918 0.11235995211121633
2 0.5008726003490401 0.058520808391258526 0.03490401396160564 0.07022497006951023
2 0.3582024432809773 0.06944469262429344 0.025305410122164106 0.051498311384307494
2 0.4267015706806283 0.07880802196689479 0.027923211169284486 0.054619421165174625
2 0.6365619546247818 0.05227858882952427 0.01832460732984302 0.0702249700695102
