4 0.2306791569086651 0.6240538401899114 0.08899297423887581 0.24292028678533462
4 0.08079625292740047 0.7161960179360727 0.05620608899297424 0.23873200597869093
4 0.13290398126463698 0.7947262830606421 0.06674473067915691 0.27014411202851873
1 0.10322447640940512 0.5240308986064867 0.12417101373839476 0.27548880923374
1 0.15691100382480375 0.45230725352080503 0.12198628164110559 0.26910343534679143
4 0.06791569086651054 0.33087418372485233 0.03278688524590164 0.10889530097273621
4 0.08840749414519905 0.2732853226335014 0.03864168618266979 0.06910663330962105
4 0.12295081967213115 0.2670029014235359 0.025761124121779878 0.08167147572955212
4 0.1440281030444965 0.293179656465059 0.021077283372365335 0.08795389693951769
2 0.18325526932084307 0.18847263629896652 0.02927400468384075 0.1005187393594488
2 0.22482435597189696 0.16439002166076525 0.025761124121779843 0.09004803734283959
2 0.9297423887587822 0.46908745034409444 0.025761124121779916 0.15077810903917324
2 0.8331381733021078 0.3465802367497661 0.04098360655737704 0.16962537266906982
2 0.43384074941451994 0.18637849589564467 0.03629976580796253 0.10889530097273623
3 0.30503512880562056 0.24920270799530017 0.04098360655737704 0.19266091710561026
3 0.5573770491803278 0.4052161680427778 0.05620608899297434 0.3371566049348176
3 0.6814988290398126 0.4523343271175196 0.07025761124121771 0.3895101150178641
0 0.7585909905943705 0.51566458533312 0.1474949940520642 0.39919345599733647
0 0.8493798798580571 0.5786544146375696 0.17510938492445946 0.4466016990931683
