1 0.5353403141361257 0.8636092894710196 0.1649214659685864 0.27278142105796094
1 0.2910122164048866 0.8815556707110055 0.1719022687609075 0.23688865857798902
1 0.4476439790575917 0.7528098922502366 0.10994764397905765 0.4943802154995264
1 0.5933682373472949 0.6616752735438296 0.09424083769633505 0.3932598323892572
1 0.49301919720767884 0.5586786507752146 0.09947643979057595 0.2808998802780408
1 0.3398778359511344 0.6554330539820953 0.10732984293193716 0.6054952974882214
1 0.4057591623036649 0.486112848370054 0.08027923211169288 0.3916992774988236
1 0.33682373472949395 0.37765428348492164 0.07329842931937172 0.21847768466069845
3 0.25 0.3901387226083901 0.07417102966841185 0.27777877049717375
3 0.21073298429319373 0.31523208786757917 0.06020942408376964 0.2715365509354395
3 0.23429319371727747 0.2278410140032998 0.030541012216404748 0.08114885430254513
3 0.2844677137870855 0.2278410140032998 0.04537521815008727 0.1935088064137615
3 0.34118673647469455 0.23564378845546755 0.06282722513089009 0.18726658685202718
3 0.4040139616055846 0.20599324553722995 0.048865619546247886 0.20287213575636284
3 0.43411867364746937 0.25202961480501995 0.04450261780104727 0.2855815449493415
3 0.4655322862129145 0.22159879444156558 0.025305410122164033 0.25593100203110386
3 0.4965095986038394 0.21379601998939776 0.04886561954624782 0.24656767268850255
2 0.09249563699825479 0.5087408942813406 0.09773123909249565 0.4026231617318585
1 0.8259162303664922 0.9439778663283479 0.11431064572425825 0.11204426734330425
1 0.8106457242582897 0.3425417984501665 0.07329842931937165 0.2793393253876073
4 0.837696335078534 0.19038769663289437 0.0349040139616055 0.02808998802780408
4 0.880453752181501 0.22237907188678235 0.02094240837696347 0.07334607985037735
4 0.987783595113438 0.35970790224493565 0.024432809773123836 0.1264049461251184
3 0.5654450261780105 0.1685399281668245 0.0401396160558464 0.22159879444156555
3 0.6239092495636999 0.1381091078033701 0.041884816753926725 0.18258492218072658
0 0.6823734729493893 0.11626133933730025 0.02094240837696347 0.13888938524858688
0 0.7033158813263526 0.10923884233034922 0.015706806282722568 0.12796550101555193
0 0.7321116928446771 0.11470078444686667 0.022687609075043726 0.1295260559059855
0 0.7556719022687608 0.1139205070016499 0.01221640488656206 0.13732883035815333
2 0.6431064572425828 0.044475814377356475 0.019197207678883076 0.051498311384307494
2 0.6640488656195461 0.0436955369321397 0.015706806282722568 0.04681664671300681
2 0.4101221640488656 0.05383914371995782 0.031413612565445066 0.05774053094604173
2 0.5034904013961605 0.05696025350082495 0.054101221640488716 0.0702249700695102
