3 0.1806282722513089 0.35736706990928524 0.13612565445026178 0.22159879444156552
3 0.3996509598603839 0.2387648982363347 0.07853403141361255 0.3058687585249778
3 0.4424083769633508 0.24578739524328574 0.04363001745200698 0.2606126667024046
3 0.48909249563699825 0.21457629743461454 0.05497382198952877 0.2512493373598032
3 0.5440663176265271 0.16697937327639092 0.04450261780104711 0.25593100203110386
0 0.7072425828970331 0.0905121836451465 0.02705061082024429 0.14357104991988756
2 0.662303664921466 0.05383914371995782 0.029668411867364738 0.05774053094604173
2 0.5972949389179756 0.03901387226083901 0.034031413612565446 0.06242219561734242
2 0.4952006980802793 0.06632358284342631 0.03577661431064577 0.07646718963124446
2 0.45287958115183247 0.07958829941211158 0.019197207678883145 0.05930108583647529
2 0.39136125654450254 0.09519384831644719 0.021815008726003456 0.04057442715127257
2 0.13612565445026178 0.6211008463925569 0.1082024432809773 0.41822871063619416
2 0.061518324607329845 0.4744086866918023 0.06893542757417104 0.36829095414232016
4 0.6243455497382199 0.6515316667560114 0.1265270506108203 0.4073048264031593
4 0.7652705061082024 0.49079451304135463 0.07504363001745204 0.2450071177980689
4 0.56239092495637 0.49781701004830564 0.10383944153577666 0.2996265389632435
4 0.6143106457242582 0.3519051277927678 0.041884816753926725 0.13888938524858685
4 0.8272251308900523 0.21379601998939776 0.03839441535776615 0.10611773254948212
4 0.8808900523560209 0.23408323356503402 0.02879581151832454 0.07178552495994378
4 0.8839441535776615 0.181024367290293 0.024432809773123978 0.056179976055608184
4 0.8429319371727749 0.15917659882422314 0.029668411867364738 0.05305886627474107
