0 0.8188267270791154 0.5870026778212138 0.1509198829186073 0.3879485219988838
0 0.8738751507314083 0.608995017619845 0.13643592445879038 0.3738264637948943
2 0.9338407494145199 0.4732757311507381 0.03395784543325519 0.13821326661924205
2 0.8384074941451991 0.335062464531496 0.0444964871194378 0.18009607468567915
2 0.6727166276346604 0.21883767214713337 0.03395784543325533 0.06491835250297737
3 0.5796252927400469 0.4711815907474163 0.08665105386416855 0.4272046422776575
3 0.6651053864168618 0.43662827409260574 0.06557377049180324 0.36647457058132377
3 0.3097189695550351 0.24606149739031735 0.04566744730679158 0.22826130396208164
3 0.25878220140515223 0.2251200933570989 0.0398126463700234 0.18637849589564467
2 0.2224824355971897 0.16334295145910432 0.03747072599531613 0.12983670500595473
2 0.43969555035128804 0.19161384690394928 0.03864168618266973 0.09004803734283956
2 0.02459016393442623 0.25443805900360483 0.03981264637002342 0.14030740702256397
4 0.0661592505854801 0.3423919559431225 0.0269320843091335 0.14449568782920763
4 0.08372365339578454 0.2868972352550935 0.045667447306791564 0.06282421209965548
4 0.12236533957845433 0.2806148140451279 0.03395784543325526 0.07538905451958659
4 0.1481264637002342 0.31097984989329475 0.03395784543325526 0.11098944137605801
4 0.09016393442622953 0.7067723861211245 0.06323185011709603 0.23663786557536903
4 0.12646370023419207 0.8114794062872168 0.07025761124121783 0.29527379686838107
4 0.2265807962529274 0.6324304018031988 0.0995316159250585 0.24292028678533462
