0 0.7713136697793301 0.5356730172084875 0.17627812538588358 0.4161585471670952
0 0.8404599402239811 0.5727301678342016 0.21613786109486496 0.4379358007535697
2 0.9326697892271664 0.4669933099407726 0.03864168618266973 0.1298367050059548
2 0.8341820170771936 0.30185012750600637 0.05500709921416501 0.10748774461273992
3 0.27283372365339575 0.23977907618035182 0.04215456674473067 0.18219021508900096
2 0.4361826697892272 0.1874255660973056 0.03629976580796253 0.08167147572955218
2 0.22540983606557374 0.15915467065246058 0.024590163934426243 0.08376561613287398
2 0.19730679156908665 0.1664841620640871 0.026932084309133478 0.06910663330962104
1 0.13875878220140517 0.2219788827521161 0.02927400468384075 0.083765616132874
4 0.06733021077283373 0.33087418372485233 0.031615925058548 0.11308358177937997
4 0.08957845433255268 0.279567743843467 0.03629976580796253 0.06073007169633364
4 0.12997658079625293 0.2711911822301796 0.04215456674473067 0.06910663330962105
4 0.1481264637002342 0.3005091478766855 0.0269320843091335 0.07748319492290844
4 0.2330210772833723 0.6334774720048597 0.10538641686182665 0.24501442718865646
4 0.07611241217798595 0.7235255093476992 0.058548009367681494 0.2575792696085875
4 0.13114754098360656 0.7905380022539984 0.08196721311475409 0.26595583122187494
3 0.6545667447306792 0.4481460463108759 0.07962529274004687 0.37275699179128935
1 0.09953161592505858 0.4879347139739909 0.0562060889929742 0.20522575952554128
1 0.16414007259920918 0.451634252609127 0.09669131219528282 0.27687570440876114
