1 0.5484293193717279 0.6031544651525711 0.10034904013961608 0.4915747904865718
1 0.2482547993019197 0.8402009661145161 0.14746945898778357 0.3195980677709677
1 0.4275741710296684 0.8121109780867122 0.14659685863874344 0.37577804382657587
1 0.3424956369982548 0.6827427645646827 0.10383944153577658 0.4697270220205017
1 0.38394415357766143 0.4603636926779002 0.07853403141361255 0.34020096611451606
3 0.3298429319371728 0.362048734580586 0.04537521815008727 0.15917659882422316
3 0.300174520069808 0.35034457290233434 0.0610820244328098 0.23564378845546763
3 0.23385689354275743 0.3924795549440404 0.08551483420593371 0.23564378845546763
3 0.19153577661431065 0.28011960283282406 0.042757417102966856 0.11704161678251697
3 0.4083769633507853 0.24188600801720184 0.059336823734729476 0.2684154411545724
3 0.4738219895287958 0.22862129144851656 0.045375218150087236 0.2730971058258731
3 0.5034904013961605 0.1966299161946286 0.02443280977312391 0.20287213575636287
3 0.5244328097731238 0.1927285289685447 0.027923211169284413 0.24188600801720184
3 0.5767888307155323 0.1568357664885728 0.033158813263525315 0.2075538004276635
3 0.6042757417102966 0.14279077247467076 0.021815008726003525 0.17946381239985942
3 0.6230366492146596 0.13654855291293655 0.019197207678883003 0.19506936130419505
3 0.6457242582897033 0.12796550101555193 0.027923211169284486 0.17166103794769164
0 0.700261780104712 0.10065579043296463 0.021815008726003525 0.11704161678251701
0 0.7190226876090751 0.08426996408341225 0.019197207678883076 0.08426996408341225
2 0.7133507853403142 0.2411057305719851 0.04973821989528801 0.2044326906467964
2 0.668411867364747 0.04525609182257325 0.020942408376963328 0.0436955369321397
2 0.6204188481675392 0.024188600801720188 0.02617801047120416 0.04213498204170613
2 0.5318499127399651 0.043695536932139685 0.035776614310645695 0.05617997605560816
2 0.4533158813263525 0.07724746707646124 0.04101221640488653 0.05461942116517461
4 0.774869109947644 0.5134225589526413 0.08202443280977306 0.1997510259754957
4 0.8394415357766144 0.9666059122396345 0.14310645724258295 0.06678817552073085
4 0.9925828970331587 0.3347390239979984 0.014834205933682404 0.1638582634955238
4 0.8259162303664921 0.22315934933199913 0.047993019197207616 0.11235995211121633
4 0.8861256544502618 0.21769740721548167 0.034031413612565446 0.07022497006951017
1 0.8010471204188483 0.1404499401390204 0.029668411867364596 0.13108661079641906
