3 0.6850735148494624 0.47628033022582256 0.14126340517255648 0.4241336554265689
2 0.5614754098360656 0.19894333831557576 0.048009367681498744 0.11727186258602362
2 0.5070257611241218 0.2052257595255413 0.044496487119438016 0.09633045855280513
2 0.22423887587822017 0.16020174085412153 0.03629976580796249 0.09004803734283956
2 0.18911007025761123 0.17695486408069633 0.03395784543325529 0.10680116056941437
4 0.06440281030444962 0.33506246453149585 0.03747072599531615 0.12564842419931052
4 0.08840749414519905 0.27747360344014516 0.03864168618266979 0.07329491411626474
4 0.12822014051522249 0.26909704182685773 0.024590163934426226 0.07329491411626476
4 0.14227166276346603 0.3015562180783464 0.03629976580796253 0.09633045855280514
4 0.22658079625292743 0.6282421209965551 0.0925058548009368 0.24292028678533462
4 0.07458348923747113 0.7159738484814544 0.09199497556759594 0.25045324468966157
4 0.13056206088992972 0.8020557744722686 0.08079625292740053 0.2973679372717028
3 0.37587822014051525 0.2837560246501107 0.051522248243559755 0.2743323928351624
3 0.45316159250585486 0.3277329731198695 0.0608899297423887 0.29527379686838084
0 0.8398050106680879 0.46223621766524403 0.09957621759431987 0.13052903422311488
2 0.92096018735363 0.46594623973911165 0.05269320843091336 0.13611912621592026
2 0.82903981264637 0.3350624645314961 0.051522248243559686 0.16753123226574804
0 0.837905891476322 0.7182535884334557 0.19671100056928664 0.428359176971303
0 0.8035648066751961 0.6515481877252918 0.21182718149235086 0.3646869765314344
