2 0.131326352530541 0.6359261178516759 0.11954624781849914 0.4322737046500963
2 0.07155322862129145 0.49079451304135474 0.04363001745200698 0.23564378845546763
2 0.4594240837696335 0.09987551298774786 0.02705061082024429 0.06242219561734242
2 0.6601221640488657 0.046036369267790034 0.021815008726003525 0.03277165269910477
3 0.556719022687609 0.17790325750942584 0.040139616055846476 0.20287213575636284
3 0.6465968586387434 0.14044994013902046 0.029668411867364738 0.14357104991988756
0 0.6788830715532285 0.1178218942277338 0.024432809773123978 0.16073715371465672
0 0.7290575916230366 0.13264716568685261 0.02356020942408378 0.13108661079641906
0 0.6967713787085514 0.11079939722078279 0.014834205933682369 0.13108661079641906
0 0.7216404886561955 0.04291525948692291 0.013961605584642314 0.042134982041706126
4 0.6208551483420593 0.639047227632543 0.11256544502617799 0.3167926427580128
4 0.7643979057591622 0.4806509062535366 0.08027923211169295 0.1997510259754957
4 0.5619546247818499 0.5009381198291729 0.0767888307155323 0.30586875852497775
4 0.6199825479930192 0.3721923413684041 0.047993019197207686 0.16073715371465666
4 0.825043630017452 0.22315934933199913 0.042757417102966856 0.09987551298774786
4 0.8390052356020942 0.15215410181727215 0.021815008726003383 0.06086164072690886
4 0.881326352530541 0.17478214772855874 0.02617801047120423 0.03433220758953835
4 0.8835078534031413 0.21847768466069845 0.03228621291448505 0.05305886627474102
4 0.993019197207679 0.34332207589538327 0.013961605584642172 0.1466921597007547
