3 0.6586651053864165 0.4418636251009103 0.06674473067915701 0.35600386856471433
3 0.4947306791569087 0.3622862897746801 0.07845433255269327 0.33925074533813976
2 0.8319672131147542 0.364380430178002 0.05269320843091336 0.23454372517204725
2 0.933255269320843 0.46071088873080696 0.03044496487119446 0.13402498581259842
0 0.8418089533022879 0.5784732112002245 0.2142967222597906 0.44084596775764795
2 0.44086651053864173 0.19161384690394928 0.03629976580796246 0.10261287976277067
2 0.38758782201405156 0.1706724428707308 0.04449648711943795 0.08167147572955218
2 0.2265807962529274 0.1591546706524606 0.03395784543325526 0.0879538969395177
3 0.18969555035128807 0.22930837416374267 0.028103044496487137 0.14030740702256403
4 0.06440281030444965 0.3371566049348179 0.03512880562060888 0.13402498581259842
4 0.0860655737704918 0.27328532263350147 0.04098360655737704 0.0774831949229085
4 0.1288056206088993 0.26386169081855315 0.021077283372365318 0.07957733532623028
4 0.14168618266978922 0.2952737968683809 0.030444964871194385 0.08795389693951766
4 0.2312646370023419 0.6240538401899114 0.09250585480093672 0.24292028678533462
4 0.06835173632437148 0.7156796029934958 0.10480385697422488 0.25188237514695994
4 0.12880562060889922 0.803102844673929 0.06791569086651046 0.2743323928351624
1 0.17162965672661679 0.49132230584439457 0.12843558239891792 0.3053093672880482
1 0.10069607665221326 0.5011874262713063 0.12007923477546967 0.22745365640658322
