2 0.12347294938917974 0.610176962159522 0.08115183246073297 0.4400764791022639
2 0.08813263525305409 0.5454139342065294 0.0907504363001745 0.3698515090327539
3 0.56282722513089 0.17556242517377552 0.041884816753926656 0.2075538004276635
3 0.6090750436300175 0.15995687626943994 0.031413612565445066 0.19506936130419505
3 0.6304537521815008 0.13888938524858688 0.02705061082024429 0.1997510259754957
0 0.6727748691099475 0.12094300400860092 0.03315881326352539 0.13576827546771975
0 0.7041884816753927 0.1139205070016499 0.020942408376963213 0.14357104991988756
0 0.7220767888307155 0.09753468065209753 0.02356020942408378 0.14201049502945395
2 0.6671029668411868 0.03901387226083901 0.021815008726003525 0.05305886627474106
2 0.5663176265270506 0.03589276247997188 0.033158813263525315 0.05617997605560816
2 0.5135253054101221 0.0624221956173424 0.03752181500872602 0.08114885430254512
4 0.6221640488656195 0.6554330539820953 0.14659685863874344 0.3214743074293135
4 0.7643979057591622 0.4517806407805158 0.06631762652705063 0.16073715371465674
4 0.6169284467713787 0.3402009661145161 0.04363001745200705 0.11235995211121633
4 0.5763525305410123 0.5103014491717742 0.11082024432809767 0.24656767268850252
4 0.8263525305410121 0.23018184633895014 0.047120418848167415 0.12016272656338416
4 0.8451134380453752 0.14981326948162177 0.03228621291448519 0.07802774452167802
4 0.8878708551483421 0.16697937327639095 0.03228621291448519 0.04993775649387395
4 0.8891797556719022 0.23330295611981725 0.031413612565445136 0.08270940919297867
4 0.9873472949389179 0.3472234631214672 0.025305410122164033 0.15449493415292254
