3 0.2561082024432808 0.3573670699092853 0.06195462478184996 0.34020096611451606
3 0.4315008726003491 0.2364240659006844 0.056719022687609096 0.2887026547302087
3 0.47076788830715527 0.23486351101025085 0.047993019197207686 0.23564378845546763
3 0.5074171029668413 0.20599324553722997 0.034031413612565446 0.2372043433459012
3 0.5510471204188482 0.16697937327639095 0.035776614310645695 0.24656767268850255
2 0.5056719022687609 0.060861640726908854 0.03228621291448519 0.06866441517907665
2 0.474258289703316 0.08036857685732836 0.03054101221640487 0.06710386028864308
2 0.12652705061082023 0.6187600140569066 0.1169284467713787 0.401062606841425
2 0.0706806282722513 0.5555575409943474 0.08027923211169284 0.3838965030466558
2 0.6540139616055844 0.05305886627474106 0.025305410122164033 0.04993775649387393
2 0.5942408376963351 0.03433220758953833 0.033158813263525315 0.06242219561734242
4 0.6191099476439791 0.6445091697490604 0.13699825479930197 0.3433220758953833
4 0.569371727748691 0.486112848370054 0.081151832460733 0.27621821560674015
4 0.6243455497382199 0.3721923413684041 0.054973821989528916 0.16073715371465666
4 0.7696335078534031 0.4689467445752849 0.08551483420593357 0.19506936130419505
4 0.8289703315881326 0.21925796210591522 0.038394415357766006 0.11704161678251705
4 0.8835078534031413 0.2364240659006844 0.03577661431064584 0.07334607985037732
4 0.8878708551483419 0.181024367290293 0.025305410122164033 0.056179976055608184
4 0.8429319371727749 0.15137382437205535 0.03664921465968576 0.04369553693213966
1 0.987783595113438 0.3323981916623484 0.024432809773123836 0.14357104991988756
