1 0.5157068062827225 0.3503445729023343 0.07155322862129139 0.3386404112240825
3 0.2443280977312391 0.41042593618402634 0.09075043630017454 0.2777787704971737
3 0.3464223385689354 0.30118709385367715 0.0715532286212915 0.32147430742931343
3 0.4354275741710297 0.22550018166764946 0.05584642233856897 0.2824604351684744
3 0.47643979057591634 0.22003823955113203 0.03490401396160564 0.24968878246936968
3 0.506544502617801 0.15449493415292245 0.034031413612565446 0.13108661079641906
3 0.5519197207678883 0.16385826349552382 0.04973821989528801 0.23096212378416692
2 0.13263525305410123 0.614078349385606 0.11692844677137872 0.4073048264031593
2 0.07940663176265271 0.5766250320152005 0.09424083769633508 0.41978926552662776
2 0.5056719022687609 0.06320247306255919 0.034031413612565446 0.07958829941211157
2 0.45375218150087265 0.08192913174776192 0.033158813263525315 0.05149831138430749
2 0.5959860383944153 0.042134982041706126 0.02443280977312391 0.07490663474081088
2 0.6644851657940662 0.05149831138430749 0.039267015706806345 0.062422195617342406
4 0.6217277486910995 0.6484105569751444 0.1387434554973821 0.3261559721006141
4 0.56239092495637 0.4946959002674386 0.07591623036649217 0.2746576607163066
4 0.619109947643979 0.36360928947101956 0.047993019197207616 0.1404499401390204
4 0.7687609075043631 0.4533411956709493 0.06806282722513089 0.1482527145911883
4 0.8237347294938918 0.22315934933199913 0.04712041884816756 0.10299662276861497
4 0.8481675392670158 0.15449493415292245 0.022687609075043583 0.04369553693213971
4 0.8835078534031413 0.17790325750942584 0.020069808027923273 0.04057442715127257
4 0.8843804537521817 0.23486351101025082 0.034031413612565446 0.07958829941211157
1 0.9703315881326353 0.36595012180666986 0.045375218150087306 0.21067491020853063
