0 0.6914896753580922 0.09831460674157304 0.022774787717643078 0.15168539325842698
0 0.7075890942619435 0.10323033707865167 0.018848100180118336 0.1306179775280899
3 0.6451547624153013 0.14396067415730335 0.03376951282271214 0.1839887640449438
3 0.3942394287674757 0.2008426966292135 0.06910970066043397 0.21910112359550563
3 0.407982835148812 0.5259831460674157 0.08560178831803754 0.4452247191011235
3 0.26897809632043923 0.2682584269662923 0.036910862852731596 0.16573033707865176
3 0.23403057723646964 0.40800561797752816 0.10052320096063128 0.18398876404494377
3 0.3149203405094776 0.46699438202247195 0.08638712582554245 0.428370786516854
2 0.12895476570147227 0.592895693258185 0.18935252346886253 0.4227991031585549
2 0.0605137388460067 0.35331462811611375 0.07604554757927684 0.11466359703172387
2 0.4409670104640192 0.08707865168539326 0.03219883780770211 0.07865168539325844
2 0.5674063491723131 0.04985955056179775 0.024345462732652905 0.06039325842696629
4 0.633374699802727 0.6221910112359548 0.10759123852817655 0.32303370786516866
4 0.7672747448323182 0.4754213483146067 0.07696307573548325 0.20365168539325842
4 0.6223799746976583 0.3644662921348315 0.047905587957800935 0.1558988764044944
4 0.579971749292392 0.4613764044943821 0.07931908825799816 0.2008426966292135
4 0.8269603954026931 0.2071629213483146 0.028272150270177435 0.0941011235955056
4 0.885075370958058 0.23174157303370785 0.02513080024015778 0.07584269662921347
4 0.8858607084655629 0.1818820224719101 0.020418775195128233 0.04915730337078651
4 0.8454158268290588 0.16713483146067418 0.030628162792692426 0.07303370786516855
