2 0.13219895287958114 0.6187600140569066 0.12652705061082023 0.4073048264031592
2 0.09205933682373474 0.5383914371995783 0.10209424083769633 0.36204873458058595
2 0.48560209424083767 0.06944469262429344 0.03752181500872595 0.06398275050777597
2 0.5763525305410122 0.034332207589538324 0.03228621291448519 0.05930108583647528
2 0.6230366492146597 0.02965054291823765 0.024432809773123836 0.05305886627474106
2 0.6596858638743456 0.04525609182257325 0.017452006980802678 0.03433220758953833
3 0.46815008726003493 0.2161368523250481 0.06369982547993018 0.25437044714067036
3 0.5933682373472949 0.15839632137900636 0.041884816753926725 0.17634270261899232
3 0.6265270506108203 0.13576827546771975 0.027923211169284413 0.19038769663289437
0 0.6662303664921465 0.12016272656338416 0.020069808027923273 0.15293437926248893
0 0.6863001745200699 0.10845856488513245 0.01657940663176248 0.13888938524858688
0 0.7085514834205934 0.09675440320688075 0.024432809773123836 0.13108661079641906
4 0.6269633507853404 0.6429486148586269 0.1300174520069809 0.3402009661145161
4 0.7643979057591622 0.4603636926779003 0.06631762652705063 0.18102436729029306
4 0.6269633507853404 0.3643895669162363 0.047993019197207686 0.11079939722078272
4 0.5754799301919721 0.5103014491717742 0.09511343804537532 0.2621732215928382
4 0.8211169284467715 0.22315934933199913 0.045375218150087306 0.10299662276861497
4 0.8429319371727749 0.15761604393378956 0.024432809773123836 0.049937756493873914
4 0.8865619546247818 0.17478214772855874 0.019197207678883218 0.04369553693213971
4 0.887434554973822 0.22940156889373334 0.03839441535776615 0.06242219561734242
4 0.9886561954624782 0.3542459601284182 0.022687609075043583 0.131086610796419
