3 0.5960187353629979 0.5004995563939219 0.09601873536299793 0.4188280806643698
3 0.6551522248243561 0.37380406199295024 0.06674473067915684 0.2115081807355069
0 0.850007524649283 0.5786019697648013 0.19819233622658544 0.44443653515983206
2 0.9332552693208431 0.4806052225623646 0.032786885245901655 0.1277425646026329
2 0.8343091334894613 0.3675216407829847 0.05269320843091321 0.22826130396208166
2 0.43325526932084313 0.19370798730727112 0.032786885245901586 0.09423631814948327
2 0.1820843091334895 0.1717195130723917 0.026932084309133478 0.0712007737129429
2 0.22072599531615925 0.1602017408541215 0.0199063231850117 0.08167147572955213
3 0.2066744730679157 0.22616716355875982 0.022248243559718973 0.14658982823252947
1 0.018149882903981264 0.27328532263350147 0.03629976580796253 0.14030740702256397
4 0.22716627634660422 0.6345245422065205 0.0889929742388759 0.25548512920526567
4 0.07962529274004684 0.7193372285410555 0.06323185011709602 0.2575792696085876
4 0.13114754098360656 0.8020557744722686 0.06791569086651052 0.28899137565841526
4 0.14578454332552696 0.29422672666671995 0.0269320843091335 0.0858597565361958
4 0.12646370023419204 0.2764265332384842 0.028103044496487116 0.0795773353262303
4 0.08665105386416862 0.2806148140451279 0.0398126463700234 0.058635931293011756
4 0.0661592505854801 0.3413448857414616 0.03629976580796254 0.12983670500595473
1 0.17935610184300288 0.49469705546526255 0.14188067296161463 0.2974672208309079
1 0.09309133489461358 0.4722286609490772 0.04566744730679155 0.17381365347571354
