3 0.21902268760907503 0.3799951158205719 0.09947643979057588 0.25124933735980315
3 0.3839441535776615 0.27075627349022274 0.057591623036649026 0.32303486231974704
3 0.45375218150087265 0.2473479501337193 0.050610820244327996 0.25437044714067036
3 0.49214659685863876 0.22003823955113197 0.05061082024432814 0.24656767268850252
3 0.5462478184991274 0.1685399281668245 0.03839441535776622 0.25593100203110386
0 0.7059336823734731 0.09129246109036326 0.02617801047120409 0.14513160481032109
2 0.14746945898778357 0.6062755749334382 0.07155322862129143 0.41042593618402634
2 0.07068062827225131 0.49781701004830564 0.08202443280977313 0.4026231617318585
2 0.6583769633507853 0.04993775649387393 0.03054101221640494 0.05930108583647528
2 0.4965095986038394 0.06944469262429344 0.036649214659685896 0.08583051897384582
2 0.5946771378708552 0.042134982041706126 0.02705061082024429 0.07490663474081088
2 0.4040139616055846 0.10845856488513243 0.029668411867364738 0.07958829941211157
4 0.5632635253054101 0.4837720160344037 0.08289703315881326 0.3121109780867121
4 0.62521815008726 0.362048734580586 0.042757417102966856 0.14669215970075467
4 0.7709424083769634 0.46582563479441774 0.06893542757417094 0.1981904710850621
4 0.6265270506108203 0.6507513893107947 0.13263525305410134 0.35892762479971885
4 0.8289703315881326 0.21379601998939776 0.04363001745200705 0.11235995211121635
4 0.8411867364746947 0.14669215970075467 0.031413612565445136 0.06866441517907665
4 0.882198952879581 0.1833651996259433 0.02617801047120409 0.06398275050777595
4 0.881762652705061 0.23096212378416694 0.035776614310645695 0.08114885430254513
