4 0.06440281030444965 0.3392507453381397 0.03747072599531616 0.1507781090391732
4 0.08665105386416862 0.27433239283516236 0.03512880562060892 0.083765616132874
4 0.13114754098360656 0.26386169081855315 0.02341920374707259 0.09633045855280517
4 0.1475409836065574 0.3183093413049212 0.02576112412177986 0.15496638984581687
4 0.2230679156908665 0.6219596997865895 0.10187353629976585 0.2554851292052658
4 0.07494145199063232 0.697348754306176 0.07494145199063232 0.23873200597869093
4 0.1299765807962529 0.8062440552789119 0.09133489461358309 0.32249762211156496
2 0.8313817330210773 0.34134488574146155 0.06323185011709598 0.2052257595255413
2 0.9385245901639344 0.4544284675208418 0.026932084309133488 0.13402498581259842
2 0.4508196721311475 0.19056677670228836 0.030444964871194385 0.0879538969395177
2 0.5134660421545668 0.2052257595255413 0.029274004683840716 0.10470702016609251
2 0.2289227166276347 0.15810760045079966 0.02224824355971901 0.08167147572955212
3 0.21252927400468383 0.21988474234879427 0.03395784543325526 0.18009607468567906
3 0.3729508196721312 0.3444860963464443 0.055035128805620566 0.278520673641806
3 0.4016393442622951 0.2889913756584153 0.04449648711943795 0.3015562180783464
3 0.3507025761124122 0.28166188424678884 0.040983606557377074 0.25757926960858757
0 0.8731867231197286 0.6142478267504862 0.1554445826686887 0.4037265273986836
0 0.8130126893746155 0.5788765845447194 0.18572715301272666 0.36731157921143626
