1 0.40706806282722513 0.8893584451631733 0.16143106457242587 0.22128310967365336
1 0.21596858638743455 0.8565867924640684 0.15445026178010468 0.2868264150718629
1 0.25916230366492143 0.6858638743455497 0.0907504363001745 0.2512493373598032
1 0.36038394415357766 0.6476302795299276 0.11518324607329841 0.3402009661145161
1 0.3555846422338569 0.4275920399787955 0.06195462478184994 0.13732883035815327
1 0.3730366492146597 0.33317846910756516 0.06893542757417101 0.16697937327639095
3 0.30061082024432806 0.37687400603970483 0.07242582897033159 0.27309710582587304
3 0.2177137870855148 0.3721923413684041 0.08987783595113438 0.26061266670240457
3 0.24083769633507857 0.21223546509896418 0.04886561954624785 0.1186021716729506
3 0.3394415357766143 0.1849257545163769 0.06980802792321118 0.1451316048103211
3 0.4144851657940663 0.24812822757893607 0.05235602094240839 0.21223546509896418
3 0.43891797556719025 0.19272852896854467 0.033158813263525315 0.18882714174246076
3 0.475130890052356 0.24656767268850252 0.042757417102966856 0.2871420998397751
3 0.49956369982548 0.21223546509896424 0.04101221640488667 0.24344656290763542
3 0.525305410122164 0.1779032575094259 0.03490401396160557 0.2403254531267683
3 0.5802792321116929 0.15761604393378958 0.03141361256544492 0.19350880641376147
3 0.6116928446771379 0.13498799802250297 0.027923211169284486 0.1857060319615937
0 0.6775741710296684 0.11079939722078277 0.014834205933682369 0.14669215970075467
0 0.6989528795811517 0.10611773254948212 0.019197207678883076 0.15917659882422316
0 0.7168411867364748 0.10299662276861497 0.014834205933682227 0.1404499401390204
2 0.7539267015706806 0.09207273853558007 0.027923211169284486 0.10611773254948212
1 0.7456369982547993 0.25437044714067036 0.04973821989528801 0.19975102597549568
1 0.8010471204188483 0.41198649107445995 0.05410122164048858 0.3152320878675792
4 0.8294066317626527 0.20911435531809708 0.039267015706806206 0.07802774452167799
4 0.882198952879581 0.22003823955113197 0.02617801047120409 0.06554330539820949
4 0.9934554973821988 0.3519051277927679 0.013089005235602115 0.11079939722078283
2 0.6422338568935427 0.042134982041706126 0.01745200698080282 0.05930108583647529
2 0.662303664921466 0.04057442715127257 0.015706806282722568 0.03745331737040545
2 0.4245200698080279 0.08583051897384582 0.021815008726003525 0.04057442715127258
2 0.4842931937172774 0.06944469262429344 0.027923211169284413 0.04525609182257325
