3 0.49590163934426224 0.2984150074733638 0.055035128805620455 0.18637849589564517
1 0.5187353629976583 0.6020653659550317 0.12880562060889914 0.412545659454404
1 0.9204008311493286 0.8505778504699069 0.12600357226472625 0.2680127529994135
2 0.8407494145199064 0.33610953473315697 0.04918032786885235 0.1780019342823573
2 0.9233021077283372 0.458616748327485 0.05035128805620616 0.15496638984581682
2 0.2289227166276347 0.16543709186242617 0.04098360655737704 0.083765616132874
2 0.1937939110070258 0.1664841620640871 0.029274004683840834 0.08585975653619586
4 0.06791569086651054 0.33715660493481786 0.039812646370023436 0.12146014339266734
4 0.08723653395784543 0.27328532263350147 0.04098360655737704 0.06491835250297733
4 0.12822014051522249 0.2670029014235359 0.022248243559718953 0.08167147572955212
4 0.14168618266978922 0.30050914787668553 0.039812646370023436 0.09842459895612694
4 0.22833723653395788 0.629289191198216 0.10070257611241214 0.22826130396208164
4 0.08430913348946137 0.7099135967261071 0.06323185011709602 0.2471085675919783
4 0.1311475409836065 0.7968204234639638 0.07728337236533957 0.2868972352550933
3 0.3729508196721312 0.2858501650534325 0.059718969555035105 0.26595583122187505
0 0.7531602067324631 0.5251981500519861 0.1913897093558549 0.4211934814509104
0 0.8468637551578982 0.6154269488126805 0.1786905360860389 0.38185239166356894
2 0.4373536299765808 0.19056677670228836 0.03161592505854799 0.083765616132874
