3 0.6586651053864168 0.5319116624437499 0.06440281030444933 0.3769452725979329
3 0.6533957845433256 0.3088857094899729 0.0796252927400468 0.13193084540927658
2 0.6651053864168618 0.21464939134048966 0.04683840749414515 0.10261287976277067
2 0.835480093676815 0.3382036751364788 0.05503512880562056 0.20313161912221947
2 0.9076441807716122 0.4554327679400334 0.07279883273274564 0.1314369549974491
0 0.824864242725296 0.5768455592989155 0.16057311483059877 0.3462073495639768
0 0.8799959749190691 0.6293693911050665 0.166738522268746 0.3680699027009483
3 0.3553864168618267 0.2837560246501107 0.04800936768149889 0.24082614638201277
3 0.3073770491803278 0.25234391860028293 0.043325526932084274 0.23663786557536903
2 0.1762295081967213 0.16962537266906985 0.03395784543325524 0.09214217774616137
2 0.22365339578454332 0.16543709186242617 0.03747072599531613 0.10889530097273621
2 0.43735362997658084 0.20627282972720223 0.038641686182669804 0.11936600298934548
1 0.02459016393442623 0.23140251456706445 0.035128805620608904 0.14030740702256395
4 0.06557377049180325 0.3402978155398006 0.0398126463700234 0.12774256460263275
4 0.08782201405152223 0.27642653323848426 0.03747072599531616 0.07120077371294294
4 0.12412177985948478 0.27747360344014516 0.025761124121779878 0.0691066333096211
4 0.14637002341920374 0.29736793727170274 0.030444964871194385 0.09633045855280514
4 0.2300936768149883 0.6167243487782849 0.09250585480093672 0.2366378655753691
4 0.08957845433255268 0.7172430881377337 0.055035128805620594 0.24501442718865651
4 0.11943793911007025 0.8031028446739296 0.060889929742388736 0.2827089544484496
