3 0.3899297423887588 0.2868972352550934 0.049180327868852486 0.25548512920526567
2 0.4736533957845433 0.1968491979122539 0.03864168618266973 0.11308358177937994
2 0.8413348946135831 0.3413448857414616 0.03864168618266973 0.16334295145910435
2 0.9001228825792518 0.43792941607644836 0.07766723964646659 0.12465612102361448
0 0.8591385928090911 0.6315539111112246 0.2009609584991901 0.3985851383138855
0 0.7685461816640705 0.5243235534410603 0.1509718647790068 0.42217588169191717
3 0.6457845433255269 0.46071088873080696 0.06440281030444957 0.3978866766311515
2 0.22599531615925048 0.16334295145910432 0.030444964871194274 0.09633045855280513
2 0.19262295081967212 0.16962537266906985 0.024590163934426243 0.0712007737129429
4 0.063231850117096 0.3423919559431225 0.03981264637002343 0.12774256460263303
4 0.08840749414519906 0.2732853226335014 0.040983606557377046 0.06910663330962105
4 0.1434426229508197 0.30679156908665106 0.02927400468384075 0.10680116056941433
4 0.1288056206088993 0.26804997162519684 0.02341920374707259 0.06701249290629921
4 0.23185011709601874 0.6334774720048597 0.10070257611241218 0.2450144271886564
4 0.08093961218859658 0.7213649800859088 0.08272237591869061 0.25780239871353494
4 0.12763466042154564 0.7936792128589812 0.07025761124121785 0.2848030948517716
1 0.11533957845433257 0.22093181255045521 0.022248243559718953 0.09423631814948326
1 0.9244730679156911 0.8837752076156373 0.0948477751756443 0.23244958476872532
1 0.08489461358313818 0.49002885437731303 0.05269320843091335 0.1759077938790352
