1 0.4899650959860384 0.887017612827523 0.13176265270506116 0.22596477434495413
1 0.2927574171029669 0.9236906527527117 0.15270506108202445 0.15261869449457677
1 0.42495636998254793 0.7147341398185705 0.09249563699825479 0.2559310020311038
1 0.26396160558464227 0.6874244292359833 0.11431064572425828 0.2980659840728101
1 0.2997382198952879 0.5407322695352286 0.09860383944153579 0.24188600801720184
1 0.33246073298429324 0.46114397012311703 0.06980802792321121 0.20755380042766347
1 0.362565445026178 0.4002823293962082 0.07417102966841192 0.22628045911286623
3 0.2975567190226876 0.3386404112240826 0.08376963350785342 0.22784101400329976
3 0.22338568935427575 0.36673039925188666 0.08726003490401396 0.2465676726885025
3 0.18760907504363003 0.2582718343667542 0.055846422338568937 0.1763427026189923
3 0.2709424083769633 0.1888271417424608 0.041012216404886566 0.11548106189208346
3 0.3547120418848168 0.22237907188678235 0.05846422338568935 0.20131158086592932
3 0.40139616055846417 0.2715365509354395 0.041884816753926725 0.29650542918237643
3 0.43324607329842935 0.24578739524328574 0.027050610820244358 0.2668548862641388
3 0.4716404886561955 0.23954517568155148 0.028795811518324613 0.2574915569215374
3 0.5021815008726004 0.20599324553722995 0.03054101221640494 0.2434465629076354
3 0.5353403141361257 0.18180464473550978 0.039267015706806345 0.23876489823633473
3 0.6090750436300173 0.13966966269380365 0.02443280977312391 0.1857060319615937
1 0.6474694589877836 0.15683576648857284 0.02966841186736481 0.17322159283812522
0 0.6797556719022688 0.11235995211121633 0.019197207678883076 0.14357104991988753
0 0.6972076788830716 0.1022163453233982 0.01745200698080282 0.15137382437205532
0 0.7155322862129145 0.10065579043296463 0.013961605584642172 0.1295260559059855
0 0.7277486910994765 0.10065579043296463 0.010471204188481664 0.13264716568685261
2 0.6356893542757418 0.0351124850347551 0.020069808027923273 0.04837720160344037
2 0.6614310645724256 0.042134982041706126 0.013961605584642172 0.04369553693213968
1 0.7962478184991275 0.43617509187618014 0.06719022687609069 0.30118709385367715
4 0.9925828970331588 0.3386404112240826 0.014834205933682369 0.11548106189208344
4 0.8219895287958116 0.2278410140032998 0.04363001745200705 0.10611773254948212
4 0.8800174520069808 0.2239396267772159 0.035776614310645695 0.0795882994121116
