4 0.23360655737704916 0.6230067699882504 0.094847775175644 0.25339098880194394
4 0.08196721311475409 0.714101877532751 0.058548009367681494 0.251296848398622
4 0.12822014051522246 0.7999616340689463 0.06908665105386412 0.29317965646505884
4 0.0638173302107728 0.3371566049348179 0.03161592505854801 0.12564842419931102
4 0.0889929742388759 0.27433239283516236 0.046838407494145196 0.07538905451958666
4 0.1293911007025761 0.26490876102021393 0.017564402810304434 0.08167147572955212
4 0.14578454332552687 0.2994620776750246 0.03161592505854802 0.09214217774616135
3 0.37353629976580793 0.29422672666671995 0.06791569086651059 0.2617675504152313
4 0.1481264637002342 0.3329683241281742 0.0035128805620609073 0.008376561613287379
3 0.44789227166276346 0.3287800433215305 0.05737704918032783 0.2973679372717027
2 0.506440281030445 0.20313161912221947 0.03395784543325533 0.0921421777461614
2 0.5544496487119438 0.2052257595255413 0.04098360655737693 0.10051873935944883
2 0.2259953161592506 0.16439002166076525 0.03747072599531613 0.09842459895612697
2 0.1885245901639344 0.1717195130723917 0.032786885245901655 0.08795389693951768
2 0.8319672131147542 0.3245917625148867 0.05503512880562056 0.15077810903917319
2 0.9267149766722688 0.44657232558769594 0.07962392877836465 0.10579086831080786
0 0.7861269628140678 0.5652816766622191 0.17021359194132046 0.3798404502479053
0 0.8174631002266796 0.6336919535486145 0.18404716043122094 0.36359478715845617
0 0.8705955382455389 0.6899755461201831 0.17017898223141487 0.40994375740438704
3 0.6791569086651055 0.4596638185291463 0.0983606557377049 0.3790394130012551
