1 0.274869109947644 0.8987217745057747 0.16579406631762655 0.20255645098845065
1 0.5584642233856894 0.9236906527527117 0.162303664921466 0.15261869449457677
1 0.5850785340314135 0.6999088683594518 0.10209424083769626 0.3979414970605578
1 0.4179755671902269 0.7972857066275932 0.13787085514834202 0.4054285867448135
1 0.30148342059336825 0.6632358284342632 0.11431064572425828 0.4775297964726694
1 0.48167539267015713 0.6374866727421095 0.11692844677137879 0.44163703399269766
1 0.36867364746945896 0.4736284092465857 0.0846422338568936 0.2855815449493417
3 0.3324607329842932 0.35268540523798464 0.05933682373472944 0.18414547707116014
3 0.24869109947643978 0.36907123158753696 0.10471204188481675 0.2325226786746005
3 0.2094240837696335 0.2965054291823765 0.07678883071553226 0.2403254531267683
3 0.28403141361256545 0.26373377648327173 0.056719022687609096 0.2902632096206422
3 0.34293193717277487 0.22081851699634877 0.05584642233856897 0.22940156889373334
3 0.393542757417103 0.25749155692153747 0.050610820244328066 0.2902632096206423
3 0.4354275741710298 0.245007117798069 0.05061082024432814 0.284020990058908
3 0.49738219895287955 0.21925796210591522 0.036649214659685896 0.25437044714067025
3 0.4637870855148342 0.23408323356503405 0.025305410122164033 0.2621732215928382
3 0.5636998254799301 0.16229770860509027 0.031413612565445066 0.20599324553722995
3 0.6073298429319373 0.14044994013902043 0.031413612565445066 0.1966299161946286
0 0.6832460732984293 0.11548106189208347 0.020942408376963328 0.13108661079641906
0 0.7011343804537523 0.10143606787818144 0.016579406631762623 0.14669215970075467
1 0.7456369982547993 0.19428908385897828 0.03228621291448519 0.1919482515233279
0 0.7731239092495638 0.1022163453233982 0.02617801047120423 0.09207273853558004
0 0.7321116928446771 0.09675440320688074 0.019197207678883218 0.10923884233034922
1 0.7971204188481675 0.5937911358099697 0.1108202443280976 0.4353948144309633
2 0.10427574171029669 0.5321492176378441 0.10034904013961604 0.3745331737040544
2 0.24258289703315883 0.12640494612511838 0.029668411867364738 0.046816646713006824
2 0.5266143106457243 0.06164191817212563 0.03054101221640494 0.0702249700695102
2 0.4349912739965095 0.09285301598079679 0.025305410122163686 0.029650542918237557
2 0.3996509598603839 0.09909523554253108 0.027923211169284486 0.04213498204170613
2 0.6352530541012217 0.0429152594869229 0.02617801047120409 0.07334607985037732
2 0.6636125654450262 0.049157479048657145 0.02006980802792313 0.05774053094604173
1 0.9013961605584643 0.42837231742401227 0.05061082024432821 0.2855815449493415
4 0.8280977312390925 0.2325226786746005 0.04363001745200691 0.1248443912346848
4 0.8765270506108203 0.21067491020853063 0.025305410122164033 0.07490663474081088
4 0.9917102966841188 0.3417615210049497 0.016579406631762623 0.10611773254948208
