2 0.15270506108202445 0.6328050080708087 0.1012216404886562 0.4073048264031593
2 0.09249563699825479 0.5883291936934522 0.09773123909249565 0.40886538129359273
3 0.5231239092495636 0.19350880641376147 0.02879581151832454 0.23720434334590115
3 0.5641361256544503 0.16697937327639095 0.03752181500872595 0.20287213575636287
3 0.631762652705061 0.1295260559059855 0.03490401396160557 0.17790325750942584
0 0.6906631762652705 0.11157967466599956 0.03054101221640494 0.13264716568685261
0 0.7281849912739966 0.12718522357033518 0.034031413612565446 0.13576827546771975
0 0.7220767888307155 0.06164191817212564 0.02356020942408378 0.10143606787818144
0 0.7011343804537522 0.06476302795299275 0.02356020942408378 0.08895162875471292
2 0.6609947643979058 0.04993775649387393 0.025305410122164033 0.06242219561734242
2 0.5113438045375218 0.06086164072690885 0.027923211169284413 0.04993775649387393
2 0.4306282722513089 0.0983149580973143 0.04450261780104711 0.0749066347408109
2 0.5955497382198953 0.04525609182257325 0.02356020942408378 0.05617997605560816
4 0.6269633507853402 0.6679174931055638 0.12652705061082023 0.31835319764844633
4 0.7665794066317626 0.44163703399269755 0.06719022687609083 0.18414547707116014
4 0.6204188481675392 0.3511248503475511 0.0558464223385689 0.10611773254948208
4 0.5767888307155323 0.5001578423839561 0.0977312390924957 0.25437044714067036
4 0.8232984293193718 0.23408323356503394 0.04450261780104717 0.10611773254948201
4 0.8446771378708553 0.15215410181727212 0.024432809773123978 0.039013872260839036
4 0.8826352530541013 0.1693202056120413 0.02705061082024429 0.035892762479971904
4 0.881762652705061 0.2262804591128662 0.04275741710296677 0.07802774452167793
4 0.9851657940663177 0.34878401801190073 0.029668411867364738 0.13576827546771977
