4 0.8272251308900525 0.9439778663283479 0.12041884816753921 0.11204426734330425
4 0.7639616055846422 0.47596924158223586 0.08289703315881326 0.1903876966328943
4 0.8267888307155323 0.22003823955113197 0.0410122164048866 0.09363329342601365
4 0.8403141361256544 0.13264716568685261 0.027923211169284343 0.05930108583647531
4 0.8800174520069808 0.2325226786746005 0.02356020942408378 0.05930108583647531
4 0.9934554973821988 0.3534656826832014 0.013089005235602115 0.13576827546771975
1 0.5091623036649215 0.40808510384837604 0.08638743455497391 0.401062606841425
3 0.2931937172774869 0.34644318567625043 0.047120418848167527 0.3495642954571176
3 0.35296684118673644 0.30430820363454425 0.04973821989528801 0.32459541721018054
3 0.42975567190226877 0.26373377648327173 0.04624781849912736 0.3308376367719148
3 0.46160558464223383 0.22706073655808304 0.02617801047120423 0.2824604351684744
3 0.49956369982548 0.1404499401390204 0.03752181500872602 0.13420772057728617
3 0.5266143106457243 0.15761604393378958 0.014834205933682369 0.15605548904335603
3 0.5536649214659686 0.16697937327639095 0.025305410122164033 0.20599324553722997
3 0.5955497382198953 0.15527521159813926 0.025305410122164033 0.18882714174246082
3 0.6409249563699827 0.13030633335120229 0.03228621291448526 0.16697937327639095
0 0.6793193717277487 0.11079939722078277 0.02006980802792313 0.15605548904335603
0 0.7050610820244327 0.11079939722078276 0.019197207678883076 0.1404499401390204
0 0.7255671902268762 0.1022163453233982 0.016579406631762623 0.12328383634425125
2 0.662739965095986 0.04291525948692291 0.020069808027923273 0.04525609182257325
2 0.6330715532286213 0.02808998802780409 0.02356020942408385 0.04057442715127257
2 0.4952006980802793 0.05617997605560818 0.021815008726003525 0.04993775649387393
2 0.44851657940663175 0.07880802196689479 0.022687609075043653 0.04837720160344036
