2 0.13219895287958117 0.614078349385606 0.11605584642233857 0.4135470459648934
2 0.08769633507853403 0.5602392056656481 0.09162303664921467 0.3526854052379846
3 0.5414485165794066 0.1896074191876776 0.044502617801047036 0.2169171297702649
3 0.5868237347294939 0.15917659882422316 0.03054101221640494 0.21223546509896424
0 0.6387434554973822 0.12796550101555193 0.022687609075043726 0.16853992816682453
0 0.6675392670157069 0.11860217167295058 0.020942408376963328 0.15293437926248893
0 0.680191972076789 0.10611773254948209 0.021815008726003525 0.1373288303581533
0 0.7177137870855148 0.11157967466599956 0.021815008726003525 0.14825271459118824
2 0.6666666666666665 0.032771652699104765 0.013961605584642172 0.034332207589538324
2 0.6239092495636999 0.04057442715127257 0.019197207678883003 0.06554330539820953
2 0.512216404886562 0.05774053094604172 0.02617801047120416 0.05930108583647529
4 0.6204188481675393 0.6577738863177457 0.14834205933682376 0.3355193014432155
4 0.7722513089005235 0.4744086866918023 0.0820244328097732 0.1779032575094258
4 0.5855148342059336 0.4946959002674386 0.09249563699825486 0.26529433137370523
4 0.6208551483420593 0.3511248503475511 0.047993019197207755 0.1342077205772862
4 0.8294066317626527 0.22471990422243265 0.04624781849912736 0.11548106189208344
4 0.8394415357766144 0.14513160481032109 0.024432809773123978 0.05930108583647529
4 0.8795811518324607 0.1661990958311742 0.03141361256544499 0.04213498204170614
4 0.8887434554973822 0.22628045911286626 0.03228621291448519 0.06242219561734242
4 0.9904013961605586 0.3503445729023343 0.019197207678883076 0.13888938524858685
