2 0.13830715532286214 0.6101769621595221 0.09685863874345552 0.39013872260839
2 0.09860383944153579 0.5805264192412843 0.09075043630017453 0.3932598323892571
3 0.5074171029668412 0.20131158086592926 0.04101221640488653 0.2247199042224327
3 0.5719895287958116 0.1654188183859574 0.03228621291448519 0.19975102597549568
3 0.6369982547993018 0.12796550101555193 0.031413612565445066 0.16853992816682453
0 0.6884816753926702 0.11001911977556598 0.022687609075043583 0.1295260559059855
0 0.7277486910994765 0.12172328145381772 0.0401396160558464 0.1310866107964191
0 0.7181500872600348 0.058520808391258526 0.015706806282722426 0.0951938483164472
0 0.7028795811518325 0.08739107386427937 0.021815008726003383 0.12796550101555193
2 0.6596858638743456 0.04759692415822359 0.017452006980802678 0.05774053094604173
2 0.5178883071553229 0.06008136328169207 0.03054101221640494 0.05774053094604172
2 0.4371727748691099 0.0897319061999297 0.031413612565445066 0.08583051897384579
2 0.5951134380453752 0.04525609182257325 0.02617801047120416 0.07490663474081088
4 0.6247818499127399 0.6523119442012282 0.15008726003490402 0.2965054291823764
4 0.7691972076788831 0.472067854356152 0.06369982547993032 0.17946381239985945
4 0.5807155322862129 0.49313534537700504 0.10732984293193723 0.2684154411545724
4 0.6252181500872601 0.35268540523798464 0.039267015706806276 0.11235995211121637
4 0.825043630017452 0.20911435531809708 0.04973821989528787 0.10299662276861499
4 0.8486038394415358 0.1498132694816218 0.02356020942408378 0.049937756493873914
4 0.8878708551483421 0.181024367290293 0.01832460732984288 0.03745331737040544
4 0.8839441535776615 0.23174240122938372 0.027923211169284486 0.057740530946041736
4 0.9873472949389179 0.3480037405666839 0.025305410122164033 0.14357104991988756
