2 0.14005235602094238 0.635145840406459 0.08813263525305422 0.44319758888313104
2 0.11256544502617802 0.5735039222343334 0.07504363001745201 0.4416370339926975
2 0.4341186736474695 0.09987551298774786 0.021815008726003525 0.07802774452167802
2 0.4947643979057591 0.07412635729559412 0.03490401396160557 0.0827094091929787
2 0.656195462478185 0.04291525948692291 0.020942408376963186 0.03589276247997189
2 0.5942408376963351 0.022628045911286622 0.022687609075043653 0.039013872260839
3 0.5222513089005235 0.2028721357563628 0.051483420593368266 0.2528098922502367
3 0.5759162303664922 0.14591188225553786 0.04363001745200691 0.20443269064679637
0 0.6640488656195462 0.11079939722078279 0.024432809773123836 0.15293437926248893
0 0.6924083769633508 0.10143606787818142 0.01657940663176248 0.13108661079641906
0 0.7286212914485165 0.12718522357033518 0.03315881326352539 0.13576827546771975
0 0.7155322862129145 0.07256580240516054 0.022687609075043726 0.1295260559059855
4 0.6169284467713787 0.6523119442012282 0.12216404886561946 0.35892762479971885
4 0.5868237347294939 0.4985972874935225 0.09336823734729492 0.2262804591128662
4 0.6156195462478184 0.3558065150188517 0.04973821989528794 0.10923884233034918
4 0.7574171029668412 0.46972702202050165 0.08900523560209422 0.21223546509896424
4 0.8267888307155323 0.22471990422243265 0.037521815008726096 0.09675440320688072
4 0.8446771378708552 0.14981326948162177 0.019197207678882933 0.0468166467130068
4 0.8843804537521816 0.16775965072160773 0.020069808027923273 0.03589276247997189
4 0.8852530541012216 0.2356437884554676 0.02356020942408378 0.07490663474081088
4 0.9886561954624782 0.3409812435597329 0.022687609075043583 0.1482527145911882
